,blockNumber,timeStamp,hash,nonce,blockHash,from,contractAddress,to,value,tokenName,tokenSymbol,tokenDecimal,transactionIndex,gas,gasPrice,gasUsed,cumulativeGasUsed,input,confirmations,eth value,txn type,AccountId
0,4272217,1505371783,0xdd75385b8b07385bd26109380d6b6840f826ddc2f9f868670880420b14cce9de,409,0xcb96628c9a90193b81a469986fa23ded5f9db6e9c43369edd8302e02fb58f716,0x862cb5b6eeaafb26ebb137e0c3c5d7728800439a,0xd26114cd6ee289accf82350c8d8487fedb8a0c07,0x8f51f2bdbaa3a10ae0fac783ab7ec86cfb11ae58,5922230696240231250,OMG Network,OMG,18,18,3020000,4000000000,2915621,5334185,deprecated,11702713,5.92223069624023125,received,0x8f51f2bdbaa3a10ae0fac783ab7ec86cfb11ae58
1,4413226,1508745344,0xfa57f5418a7515b1ccf9646bc0930b12c749ce4627886b3b39d91567a0341f2f,294,0x34af761a32ab4abf92dba3a167199a69f93f90ebab4656ab28f61f6110ce9091,0xb59fdff77a6175dfa4fe7af4281a52f61611eaa2,0xab95e915c123fded5bdfb6325e35ef5515f1ea69,0x8f51f2bdbaa3a10ae0fac783ab7ec86cfb11ae58,1396481013739522327200,XENON,XNN,18,14,4712388,500000000,3131435,3485902,deprecated,11561704,1396.4810137395223272,received,0x8f51f2bdbaa3a10ae0fac783ab7ec86cfb11ae58
2,4471555,1509558580,0x46ae58ee57128d03c8062cb4d1cf048c1ee0232b6b14043411566b1375ef5981,2890,0x979f3ac49583ab6c4c8717fed7114db62278c335e4b4cb397438ede917029183,0x5586aec6f58086524753d594cec08c4318314299,0x0cf0ee63788a0849fe5297f3407f701e122cc023,0x8f51f2bdbaa3a10ae0fac783ab7ec86cfb11ae58,12822695306571555954,Streamr (old),XDATA,18,18,4000000,2000000000,2888417,3796092,deprecated,11503375,12.822695306571555954,received,0x8f51f2bdbaa3a10ae0fac783ab7ec86cfb11ae58
3,4579227,1511055255,0x370caa00f5dd192d04e30a97f0f2783e5083b68a32f004a0dd035ed62a80f03c,588,0x61d0cc35b7e39faffb3c53a597e505ab88e4852f0007665509a2ece62bd48d7f,0xae2b80f7f4d285caa658a285233550d19c8e7847,0x519475b31653e46d20cd09f9fdcf3b12bdacb4f5,0x8f51f2bdbaa3a10ae0fac783ab7ec86cfb11ae58,2422572685115549489040,VIU,VIU,18,19,3300000,200000000,3271228,4026325,deprecated,11395703,2422.57268511554948904,received,0x8f51f2bdbaa3a10ae0fac783ab7ec86cfb11ae58
4,4634331,1511824116,0xfb1934abcb45188edc273ffa6179aba477ed8cf8220027e128383971b21f4e09,1715,0xaa5fe0c444e729755f04fbe39e28ef721eee2a7c35c0eeb369dfb1135587e9b3,0x0000000000000000000000000000000000000000,0x52903256dd18d85c2dc4a6c999907c9793ea61e3,0x8f51f2bdbaa3a10ae0fac783ab7ec86cfb11ae58,777,INS Promo,INSP,0,94,2000000,4000000000,1717731,5048493,deprecated,11340599,7.77E-16,received,0x8f51f2bdbaa3a10ae0fac783ab7ec86cfb11ae58
5,4768692,1513822222,0xec9c10dfe15a86fdb7d39373ee0023010be65ba0dfad167d3536f3756727ad02,437,0xb4d15649935e5805b00870cc3eef93b3426bad9fdabbf5ee90e054899fbd2e09,0x1c19839c88c0cdb4d0b10208833101d75454d7c1,0xd037a81b22e7f814bc6f87d50e5bd67d8c329fa2,0x8f51f2bdbaa3a10ae0fac783ab7ec86cfb11ae58,126395538735777474452,EMO tokens,EMO,18,153,3173886,30000000000,3073886,7609675,deprecated,11206238,126.395538735777474452,received,0x8f51f2bdbaa3a10ae0fac783ab7ec86cfb11ae58
6,4801034,1514298291,0xa17007803761fc0bae5aaa180b7209dbc83946bf80bfffadf04e3a0192b064f9,94673,0x9a1d2c561d76c0c09310dd1b06775aea487ccf855cab5853bdeaa297c82eb217,0x0000000000000000000000000000000000000000,0x1234567461d3f8db7496581774bd869c83d51c93,0x8f51f2bdbaa3a10ae0fac783ab7ec86cfb11ae58,1000000000000000000,BitClave,CAT,18,41,6500000,4000000000,6431460,7693248,deprecated,11173896,1,received,0x8f51f2bdbaa3a10ae0fac783ab7ec86cfb11ae58
7,5540740,1525223121,0xe41b78a3a568a93bf86f93a9f46ac9e05b475e7c9c7ef5e7ffa4ed8167d71f00,75,0xcd92248403358ba367da274c042deff06d7436c9698515e2a0971b174e459911,0x0000000000000000000000000000000000000000,0xd3ace836e47f7cf4948dffd8ca2937494c52580c,0x8f51f2bdbaa3a10ae0fac783ab7ec86cfb11ae58,1500000000000000000000,Free BOB Tokens - BobsRepair.com,BOBx,18,23,4000000,4000000000,3423677,4404263,deprecated,10434190,1500,received,0x8f51f2bdbaa3a10ae0fac783ab7ec86cfb11ae58
8,5562857,1525559159,0xc1fffb605b87a8f68e0a1c08591cd52b09d4216885beee3c7638cc914e676118,36,0x78374dd0f94bef2b04b2866649764f7cfd7e89356174e7e0137df3983b56942c,0x1facfb45669e3b0efff4d7967ddd2703e9d670c7,0xf230b790e05390fc8295f4d3f60332c93bed42e2,0x8f51f2bdbaa3a10ae0fac783ab7ec86cfb11ae58,75000000,Tronix,TRX,6,22,1640414,2000000000,1630129,6328362,deprecated,10412073,7.5E-11,received,0x8f51f2bdbaa3a10ae0fac783ab7ec86cfb11ae58
9,5782836,1528911538,0x3ceb91f91cba36d37e6c0b8d23a6101964889e80c0ebf7a52bbb382ced79409d,7,0x43405c7dfff81e98832f9a1bf4a20137d52ddb9b91c27dd994d997cf552cf171,0x0000000000000000000000000000000000000000,0x7b2f9706cd8473b4f5b7758b0171a9933fc6c4d6,0x8f51f2bdbaa3a10ae0fac783ab7ec86cfb11ae58,911,An Etheal Promo,HEALP,0,107,1800000,5000000000,1708037,7010365,deprecated,10192094,9.11E-16,received,0x8f51f2bdbaa3a10ae0fac783ab7ec86cfb11ae58
10,5806749,1529265391,0x49e35ca03b75d6c0da507fa94287db9740f2b19a3f77bd85136c6e504097b2d0,12439,0xa1c6240733cac8c348368fd64f96dac4561e6df326a478b1a541984a4069b9f7,0x2881badc252165ee04c697306fea572cd19d8549,0x5eac95ad5b287cf44e058dcf694419333b796123,0x8f51f2bdbaa3a10ae0fac783ab7ec86cfb11ae58,600000000000000000000,AICRYPTO,AIC,18,17,1500000,3000000000,1446363,3153162,deprecated,10168181,600,received,0x8f51f2bdbaa3a10ae0fac783ab7ec86cfb11ae58
11,5944895,1531314703,0xe3eed35877ed9fb38f78770f950e7d9f0deb6837c0b198fc2f3dea63970e4a73,893,0x6d56ff5b33f8845280eb0741982f017f578501648a5c86e214b014b9144b1571,0xc7304352548c192f6ba59ee15e3e1ae9a5605608,0xe530441f4f73bdb6dc2fa5af7c3fc5fd551ec838,0x8f51f2bdbaa3a10ae0fac783ab7ec86cfb11ae58,1390000,GSENetwork,GSE,4,22,2500000,10100000000,1984024,2923094,deprecated,10030035,1.39E-12,received,0x8f51f2bdbaa3a10ae0fac783ab7ec86cfb11ae58
12,6220113,1535332629,0xa2ebbeb67bc24520a689118d14d512e15d6afaa56982bf139c09f0ebd31d9b8e,1596,0x46aeb1754433ec81ff1d005c56cb102bf1d0a4fff2f4247361d20a2562473da8,0x0000000000000000000000000000000000000000,0xd4de05944572d142fbf70f3f010891a35ac15188,0x8f51f2bdbaa3a10ae0fac783ab7ec86cfb11ae58,365000000000000000000,Bulleon Promo Token,BULLEON PROMO,18,17,5000000,2000000000,3706825,4652939,deprecated,9754817,365,received,0x8f51f2bdbaa3a10ae0fac783ab7ec86cfb11ae58
13,6252731,1535809040,0x5715613aab70c904deb8737e20b4e5985493e35374ea7d93605181cd8647c035,2281,0xccd4a1338cf20dd8d767fb327db962dfea7ffb71139c8dd6d6185e2bf77d5b06,0x8e306b005773bee6ba6a6e8972bc79d766cc15c8,0x58b6a8a3302369daec383334672404ee733ab239,0x8f51f2bdbaa3a10ae0fac783ab7ec86cfb11ae58,2228162999640887413,Livepeer Token,LPT,18,59,1700000,2590000000,1416400,3096412,deprecated,9722199,2.228162999640887413,received,0x8f51f2bdbaa3a10ae0fac783ab7ec86cfb11ae58
14,6502161,1539361236,0xb851953f6407abc54c3f76bc67c641149364c18c01f124a2f9e158ef85eb01e1,777,0x421178000b8cc85f5db854d0d3dcc8aa8b3456b8e43b8a0ab009b4d8fe1f7cfe,0x0000000000000000000000000000000000000000,0xaf47ebbd460f21c2b3262726572ca8812d7143b0,0x8f51f2bdbaa3a10ae0fac783ab7ec86cfb11ae58,5,Promodl,PMOD,0,28,2000000,8000000000,1700474,7549571,deprecated,9472769,5E-18,received,0x8f51f2bdbaa3a10ae0fac783ab7ec86cfb11ae58
15,8311237,1565284157,0x30d5bd3dde87c4a01d8645ff6080caae9abec8fcccb02b347af3db1e91aeba4a,1003,0x423162d7c345cc30de17d8628f41e0271647dc93733f2c6a260246646ccf5c09,0xa4eff1f24a45ae0980364557c21f1c448de1aae9,0x4c1c4957d22d8f373aed54d0853b090666f6f9de,0x8f51f2bdbaa3a10ae0fac783ab7ec86cfb11ae58,1000000000000000000,Silverway,SLV,18,65,1500000,1500000000,1176855,3550537,deprecated,7663693,1,received,0x8f51f2bdbaa3a10ae0fac783ab7ec86cfb11ae58
16,8638006,1569683240,0x35f910b7927d7c974d172dfdcc282f0f43842721787fffb8cd2e96b8e54ad661,212,0xdf72e0cc5dff6d259fb6eee5332387d37340668d1e7e8a9135a85d7d6ee1347d,0xe5ccfca59acd6a3dea18a97a8d12a1fc5be09b13,0xbddab785b306bcd9fb056da189615cc8ece1d823,0x8f51f2bdbaa3a10ae0fac783ab7ec86cfb11ae58,204363788041777474452,Ebakus,EBK,18,11,699201,4500000000,694891,3852384,deprecated,7336924,204.363788041777474452,received,0x8f51f2bdbaa3a10ae0fac783ab7ec86cfb11ae58
17,8641982,1569736625,0x7796e1f5c2c0d5ee32b0178702006cb40b502f230d75b74a304ea081686ae96a,451,0xd729dc8780e6d14b1eef7f3e74efca8427aeb52c1463b3789e35fb24cacf8854,0x8f51f2bdbaa3a10ae0fac783ab7ec86cfb11ae58,0xc02aaa39b223fe8d0a0e5c4f27ead9083c756cc2,0x0904dac3347ea47d208f3fd67402d039a3b99859,25000000000000000,Wrapped Ether,WETH,18,74,291101,10000000001,291101,9878171,deprecated,7332948,0.025,sent,0x8f51f2bdbaa3a10ae0fac783ab7ec86cfb11ae58
18,8642831,1569748745,0x6caed6fca4dcc25d5eaeb10eecf156b5897dea7cc0431b91caa3a3d9740fcd4c,533,0x3fbd6b9327dc1eff99522ddd45efab82e04dd0374c8ec871b4d2e605d583510e,0x8f51f2bdbaa3a10ae0fac783ab7ec86cfb11ae58,0xc02aaa39b223fe8d0a0e5c4f27ead9083c756cc2,0x0904dac3347ea47d208f3fd67402d039a3b99859,67000000000000000,Wrapped Ether,WETH,18,201,275785,10900000001,275785,9737788,deprecated,7332099,0.067,sent,0x8f51f2bdbaa3a10ae0fac783ab7ec86cfb11ae58
19,8645187,1569780512,0x8be5db1ecfc802e0942e92680ede15bc088166afc770fd7a16f4a48dcfb9fef3,582,0x7f4154d88b2d94ce06b5c7f9ca4627be3fe339b85fed3934f2f0ea2798d57ff5,0x8f51f2bdbaa3a10ae0fac783ab7ec86cfb11ae58,0xc02aaa39b223fe8d0a0e5c4f27ead9083c756cc2,0x0904dac3347ea47d208f3fd67402d039a3b99859,36800000000000000,Wrapped Ether,WETH,18,128,275909,9000000001,275909,9944724,deprecated,7329743,0.0368,sent,0x8f51f2bdbaa3a10ae0fac783ab7ec86cfb11ae58
20,8645195,1569780572,0x74a78d26dc343bf575da2bc5d4840652babcee502b696847be17b95c036869a8,605,0x17d354bb911772a1addbcb501787061437813212eca392c32f7bd1ba69efbc91,0x8f51f2bdbaa3a10ae0fac783ab7ec86cfb11ae58,0xc02aaa39b223fe8d0a0e5c4f27ead9083c756cc2,0x0904dac3347ea47d208f3fd67402d039a3b99859,5780000000000000000,Wrapped Ether,WETH,18,36,276101,9000000001,276101,8912674,deprecated,7329735,5.78,sent,0x8f51f2bdbaa3a10ae0fac783ab7ec86cfb11ae58
21,8645284,1569781760,0x6501f573ba359f88d41f3937766f6cc317e3add6de2e0e2185e67409fd05d71c,696,0xfdb58e40bb8dc73613cc47674eb92086da11de175d3283bc44b793e53215f90d,0x8f51f2bdbaa3a10ae0fac783ab7ec86cfb11ae58,0xc02aaa39b223fe8d0a0e5c4f27ead9083c756cc2,0x0904dac3347ea47d208f3fd67402d039a3b99859,42500000000000000,Wrapped Ether,WETH,18,86,275721,9000000001,275721,9518193,deprecated,7329646,0.0425,sent,0x8f51f2bdbaa3a10ae0fac783ab7ec86cfb11ae58
22,8645429,1569783482,0xabf5908fb1ee2990e4c2129680f67b15ce46c953f983b5d49683f054835fb7fa,769,0x60b21bedd9e11c2f100f3c0bc879480c58837691fb267469e027e21a9d7910bc,0x8f51f2bdbaa3a10ae0fac783ab7ec86cfb11ae58,0xc02aaa39b223fe8d0a0e5c4f27ead9083c756cc2,0x0904dac3347ea47d208f3fd67402d039a3b99859,407100000000000000,Wrapped Ether,WETH,18,10,276229,9000000001,276229,9277448,deprecated,7329501,0.4071,sent,0x8f51f2bdbaa3a10ae0fac783ab7ec86cfb11ae58
23,8645588,1569785437,0x3627c22aafbb00254d52f8108880467de8eaeb22fdf1c84de1dae7914785cee5,865,0x33bf8f28656211694b4e8c6239a4f8ec2132a23405c158834876e71a99787f8e,0x8f51f2bdbaa3a10ae0fac783ab7ec86cfb11ae58,0xc02aaa39b223fe8d0a0e5c4f27ead9083c756cc2,0x0904dac3347ea47d208f3fd67402d039a3b99859,67500000000000000,Wrapped Ether,WETH,18,84,275657,9000000001,275657,9870431,deprecated,7329342,0.0675,sent,0x8f51f2bdbaa3a10ae0fac783ab7ec86cfb11ae58
24,8705624,1570596520,0x3d0f8b9693cae86540d6cdbe419a79413bbe1a6da141386ade2716be7c87c138,1025,0x90683a6a6138939ea428843c800585752f270b303b88725ff868e4652958ad94,0x8f51f2bdbaa3a10ae0fac783ab7ec86cfb11ae58,0xc02aaa39b223fe8d0a0e5c4f27ead9083c756cc2,0x0904dac3347ea47d208f3fd67402d039a3b99859,20010000000000000000,Wrapped Ether,WETH,18,22,275913,1000000001,275913,8786037,deprecated,7269306,20.01,sent,0x8f51f2bdbaa3a10ae0fac783ab7ec86cfb11ae58
25,8705665,1570597004,0x05483951052b71a2d959e9521b520b4edf49c77b809d59a7174ec5ac56e28280,1290,0x2ed49085736251fd27067414610f3df879122e7bb34ffcbe1bad5549647d4131,0x8f51f2bdbaa3a10ae0fac783ab7ec86cfb11ae58,0xc02aaa39b223fe8d0a0e5c4f27ead9083c756cc2,0x0904dac3347ea47d208f3fd67402d039a3b99859,336000000000000000,Wrapped Ether,WETH,18,96,275973,1000000001,275973,8329778,deprecated,7269265,0.336,sent,0x8f51f2bdbaa3a10ae0fac783ab7ec86cfb11ae58
26,8705666,1570597013,0x5fde84c77b626ad10e8f9d2764a2784ef5d233b6d2619d9fcf093ab3663b5dd7,1300,0x09534ed5b85241a6a4fa7206287809ad09d346cf06bb298b974f0ae5078a8b40,0x8f51f2bdbaa3a10ae0fac783ab7ec86cfb11ae58,0xc02aaa39b223fe8d0a0e5c4f27ead9083c756cc2,0x0904dac3347ea47d208f3fd67402d039a3b99859,3400000000000000000,Wrapped Ether,WETH,18,46,275721,1000000001,275721,3240191,deprecated,7269264,3.4,sent,0x8f51f2bdbaa3a10ae0fac783ab7ec86cfb11ae58
27,8705681,1570597229,0xd8bd5d65c881c32e780a643e8e7c655723b76bbb831d48668cce6d2cba94d001,1399,0xdc43c88783278c6ea418e7ea2e92bedbae09be49abbf9ec724a42ff8e9fe783e,0x8f51f2bdbaa3a10ae0fac783ab7ec86cfb11ae58,0xc02aaa39b223fe8d0a0e5c4f27ead9083c756cc2,0x0904dac3347ea47d208f3fd67402d039a3b99859,25000000000000000,Wrapped Ether,WETH,18,53,275785,1000000001,275785,9713350,deprecated,7269249,0.025,sent,0x8f51f2bdbaa3a10ae0fac783ab7ec86cfb11ae58
28,8705725,1570597901,0x324aaf9fb61008438904290513bc3fdc88b03bd250cb6553aa8b1b4b5ff973f0,1686,0xe6d7f1aaecd31c608437c30e2113c16f372d20f4ac3a20292dff9a8dc8e29a85,0x8f51f2bdbaa3a10ae0fac783ab7ec86cfb11ae58,0xc02aaa39b223fe8d0a0e5c4f27ead9083c756cc2,0x0904dac3347ea47d208f3fd67402d039a3b99859,242000000000000000,Wrapped Ether,WETH,18,63,276101,1000000001,276101,5306475,deprecated,7269205,0.242,sent,0x8f51f2bdbaa3a10ae0fac783ab7ec86cfb11ae58
29,8705726,1570597906,0x0ead84c8ee8140cf128111979ad84dd2d7200cfd22396120a2dfbc8c7975c7d5,1724,0x90b2e75e12c68cf73f8680634a837e0817abb81dbb96a7f6454cb4d85b1094f0,0x8f51f2bdbaa3a10ae0fac783ab7ec86cfb11ae58,0xc02aaa39b223fe8d0a0e5c4f27ead9083c756cc2,0x0904dac3347ea47d208f3fd67402d039a3b99859,2100000000000000000,Wrapped Ether,WETH,18,58,276101,1000000001,276101,7775520,deprecated,7269204,2.1,sent,0x8f51f2bdbaa3a10ae0fac783ab7ec86cfb11ae58
30,8736054,1571009606,0x734d7ae64fc386632d6025895ae0751813c388698ad0e4e91e7c66eb6b57165e,5943,0xf272e8b83a9f3b5b85b29eca7b1dfe96ab655d5825ce57687afd06e6340996b4,0x8f51f2bdbaa3a10ae0fac783ab7ec86cfb11ae58,0xc02aaa39b223fe8d0a0e5c4f27ead9083c756cc2,0xb98cdacd006b9d47c37ca63cc86f916ee23fc550,1530000000000000000,Wrapped Ether,WETH,18,83,4500000,6306590220,297084,4144384,deprecated,7238876,1.53,sent,0x8f51f2bdbaa3a10ae0fac783ab7ec86cfb11ae58
31,8736068,1571009814,0x45c1a8fbce3841edfd3ce7161e37f500d6cf8ff7d0cada4b8c9c1f10aab049bb,5948,0x2a4812ed0f5afbc66395962142a96803024a9be5a9cb212fca22f50c55d28584,0x8f51f2bdbaa3a10ae0fac783ab7ec86cfb11ae58,0xc02aaa39b223fe8d0a0e5c4f27ead9083c756cc2,0xb98cdacd006b9d47c37ca63cc86f916ee23fc550,1450000000000000000,Wrapped Ether,WETH,18,56,4500000,6200000000,282084,3440969,deprecated,7238862,1.45,sent,0x8f51f2bdbaa3a10ae0fac783ab7ec86cfb11ae58
32,8737224,1571025555,0x548b6aaf3d122080067c62bc41b6bcfc3de7d9e825492c28d2d1ae110e37c0c8,6015,0x46b89bfe3cb4d2e491c35f797c97d7a10a380207258952b6e0f7792a68cc4c96,0x8f51f2bdbaa3a10ae0fac783ab7ec86cfb11ae58,0xc02aaa39b223fe8d0a0e5c4f27ead9083c756cc2,0xb98cdacd006b9d47c37ca63cc86f916ee23fc550,1450000000000000000,Wrapped Ether,WETH,18,41,4500000,6025419368,282084,1773513,deprecated,7237706,1.45,sent,0x8f51f2bdbaa3a10ae0fac783ab7ec86cfb11ae58
33,8740900,1571075208,0xf9d8ba2a364f1a1d4392461977f4dd392aebbfbe0e3c26e99591b45233d74f0f,6190,0xa83e1568e612b4a5f31abad648715746cbeeaa5be236e5cc4c08263652630a63,0x8f51f2bdbaa3a10ae0fac783ab7ec86cfb11ae58,0xc02aaa39b223fe8d0a0e5c4f27ead9083c756cc2,0xb98cdacd006b9d47c37ca63cc86f916ee23fc550,1157700000000000000,Wrapped Ether,WETH,18,5,4500000,7093373431,282212,389677,deprecated,7234030,1.1577,sent,0x8f51f2bdbaa3a10ae0fac783ab7ec86cfb11ae58
34,8741051,1571076983,0x9be260149ff3c5706340d71aa7f5a892666cca8d7a1cf8ae483008dee93a3ab8,6230,0x8d2c76c9e795393af9c2c523097ec152d946f2154d08b67546654c8af9fff28c,0x8f51f2bdbaa3a10ae0fac783ab7ec86cfb11ae58,0xc02aaa39b223fe8d0a0e5c4f27ead9083c756cc2,0xb98cdacd006b9d47c37ca63cc86f916ee23fc550,2100000000000000000,Wrapped Ether,WETH,18,84,4500000,7959269703,282148,3763553,deprecated,7233879,2.1,sent,0x8f51f2bdbaa3a10ae0fac783ab7ec86cfb11ae58
35,8741123,1571077932,0x7f2bc5cfa9aa22247a5a319c83d6a03e538326a15a6ba599e6e7095c7fe2ae7d,6236,0x13e98459133136dab5c35b00c613c4ee4a623ff837b3ee20a02d0e95121e03ee,0x8f51f2bdbaa3a10ae0fac783ab7ec86cfb11ae58,0xc02aaa39b223fe8d0a0e5c4f27ead9083c756cc2,0xb98cdacd006b9d47c37ca63cc86f916ee23fc550,300000000000000000,Wrapped Ether,WETH,18,121,4500000,8067687721,282020,4887803,deprecated,7233807,0.3,sent,0x8f51f2bdbaa3a10ae0fac783ab7ec86cfb11ae58
36,8744657,1571126177,0xffee83756be616eb3d831d53fff4c8f05a9a8941e356e92f5687452a41dd50ef,2159,0x971ed9b88c5eb7d19e2a4b0ead73098f2db60865fb0aaa8c43f05d9110d9bc93,0x8f51f2bdbaa3a10ae0fac783ab7ec86cfb11ae58,0xc02aaa39b223fe8d0a0e5c4f27ead9083c756cc2,0x0904dac3347ea47d208f3fd67402d039a3b99859,25000000000000000,Wrapped Ether,WETH,18,159,275909,1000000001,275909,8621386,deprecated,7230273,0.025,sent,0x8f51f2bdbaa3a10ae0fac783ab7ec86cfb11ae58
37,8744977,1571130524,0x687ac30663fe15ab46139aaa4d7d021244830d377951d697c9226b7f4fb25286,2192,0xccc1d011da3516a24f878bd4295ec30d06a943d3fb7b5cc5acdd584431065c5a,0x8f51f2bdbaa3a10ae0fac783ab7ec86cfb11ae58,0xc02aaa39b223fe8d0a0e5c4f27ead9083c756cc2,0x0904dac3347ea47d208f3fd67402d039a3b99859,475000000000000000,Wrapped Ether,WETH,18,138,274390,1000000001,274390,8557425,deprecated,7229953,0.475,sent,0x8f51f2bdbaa3a10ae0fac783ab7ec86cfb11ae58
38,8745601,1571138961,0x010df69a90aa62a2ebd76aa7127e7ae398abefcb378658dd96e868d84d9cd86a,2332,0xc20e690bd618f2f07501e814502b2a23b83115beba57511d5088ab827d7a9ca6,0x8f51f2bdbaa3a10ae0fac783ab7ec86cfb11ae58,0xc02aaa39b223fe8d0a0e5c4f27ead9083c756cc2,0x0904dac3347ea47d208f3fd67402d039a3b99859,315000000000000000,Wrapped Ether,WETH,18,71,275913,1000000001,275913,6045148,deprecated,7229329,0.315,sent,0x8f51f2bdbaa3a10ae0fac783ab7ec86cfb11ae58
39,8745934,1571143629,0x6b85620b8fe5196ddee703b2aa2702ba51005a4517bd3c5a2d4ef1ebeed55170,2370,0x0eb8b3b4a66737ff6187a64ba16faef3d3073d174f37b3dff61ab5dd6a7056be,0x8f51f2bdbaa3a10ae0fac783ab7ec86cfb11ae58,0xc02aaa39b223fe8d0a0e5c4f27ead9083c756cc2,0x0904dac3347ea47d208f3fd67402d039a3b99859,2573000000000000000,Wrapped Ether,WETH,18,109,276229,1000000001,276229,8079657,deprecated,7228996,2.573,sent,0x8f51f2bdbaa3a10ae0fac783ab7ec86cfb11ae58
40,8745939,1571143693,0x24a438c202fc0853d89711c8f690b40ea523587a8b615fd0ff2cf76f9b8e6868,2379,0xe439a1ea90a55770e1f2f7ae0567e030a4f9f69104e30cc29fafbee0d6061f22,0x8f51f2bdbaa3a10ae0fac783ab7ec86cfb11ae58,0xc02aaa39b223fe8d0a0e5c4f27ead9083c756cc2,0x0904dac3347ea47d208f3fd67402d039a3b99859,28400000000000000,Wrapped Ether,WETH,18,101,275909,1000000001,275909,9926856,deprecated,7228991,0.0284,sent,0x8f51f2bdbaa3a10ae0fac783ab7ec86cfb11ae58
41,8746053,1571145088,0x9fe468565acfe3cadfc23367eabfdbc64292d61cefbf0a844e9e12330281e788,6567,0xd63145edf333836d413f830c1e2eac1b33897f2828f4d7e178efff26f78c44cd,0x8f51f2bdbaa3a10ae0fac783ab7ec86cfb11ae58,0xc02aaa39b223fe8d0a0e5c4f27ead9083c756cc2,0xb98cdacd006b9d47c37ca63cc86f916ee23fc550,750000000000000000,Wrapped Ether,WETH,18,139,4500000,7001706124,282084,5284861,deprecated,7228877,0.75,sent,0x8f51f2bdbaa3a10ae0fac783ab7ec86cfb11ae58
42,8746549,1571151688,0xf8a5c118754f5ecc301562c126f8ef32b2a66c1994a73b1290268ddd403607e5,2452,0x98f5e9fdaf2982e48150d9028f444ab77b0880de046dc4f94181fcc94122e96c,0x8f51f2bdbaa3a10ae0fac783ab7ec86cfb11ae58,0xc02aaa39b223fe8d0a0e5c4f27ead9083c756cc2,0x0904dac3347ea47d208f3fd67402d039a3b99859,25000000000000000,Wrapped Ether,WETH,18,110,276101,1000000001,276101,9180865,deprecated,7228381,0.025,sent,0x8f51f2bdbaa3a10ae0fac783ab7ec86cfb11ae58
43,8747138,1571159855,0xde1f6448f03832366807e83ea67a38ac96e2ca93d62b3892c7b0caaecb018219,2478,0xcafa71f25ab1afd3edc11ec80ac274c1998aa484146513a43a81376224c2a859,0x8f51f2bdbaa3a10ae0fac783ab7ec86cfb11ae58,0xc02aaa39b223fe8d0a0e5c4f27ead9083c756cc2,0x0904dac3347ea47d208f3fd67402d039a3b99859,25000000000000000,Wrapped Ether,WETH,18,33,275785,1000000001,275785,1887313,deprecated,7227792,0.025,sent,0x8f51f2bdbaa3a10ae0fac783ab7ec86cfb11ae58
44,8747138,1571159855,0x7b1195e3f5a2245604e311c7e543795a208c4d240c72748e93fc156a4fdade04,2505,0xcafa71f25ab1afd3edc11ec80ac274c1998aa484146513a43a81376224c2a859,0x8f51f2bdbaa3a10ae0fac783ab7ec86cfb11ae58,0xc02aaa39b223fe8d0a0e5c4f27ead9083c756cc2,0x0904dac3347ea47d208f3fd67402d039a3b99859,25000000000000000,Wrapped Ether,WETH,18,60,276037,1000000001,276037,9354084,deprecated,7227792,0.025,sent,0x8f51f2bdbaa3a10ae0fac783ab7ec86cfb11ae58
45,8748355,1571175822,0x4bc232818a13c05bff71cfcc64ddbd3daf1f285dfb98d00ce1697633eaf43db9,2683,0x3fa4ca906e91b6cade2724f863d87b2220ef07385f7ee6d6ba24afb5cca522d5,0x8f51f2bdbaa3a10ae0fac783ab7ec86cfb11ae58,0xc02aaa39b223fe8d0a0e5c4f27ead9083c756cc2,0x0904dac3347ea47d208f3fd67402d039a3b99859,4200000000000000000,Wrapped Ether,WETH,18,26,276101,1000000001,276101,3392391,deprecated,7226575,4.2,sent,0x8f51f2bdbaa3a10ae0fac783ab7ec86cfb11ae58
46,8749211,1571187456,0xb2fd2d25eafe155a4643c27811e8932cdcd833adca691ab0a2b0a6a8c940e65b,2805,0x5d10af7e630150bd1889e1805ae455e87b40bb4f307bd7e649ebbfe6f5ddae16,0x8f51f2bdbaa3a10ae0fac783ab7ec86cfb11ae58,0xc02aaa39b223fe8d0a0e5c4f27ead9083c756cc2,0x0904dac3347ea47d208f3fd67402d039a3b99859,25000000000000000,Wrapped Ether,WETH,18,70,276101,1000000001,276101,5233674,deprecated,7225719,0.025,sent,0x8f51f2bdbaa3a10ae0fac783ab7ec86cfb11ae58
47,8750376,1571204028,0x22c537b6576a538648b6569f75a4e438992fadb889b3db6cc21c36a0436eeaa4,2982,0x0abfa920cf66bb160df38fd638d27e3b09bc15713c5be748b840526dff336d8f,0x8f51f2bdbaa3a10ae0fac783ab7ec86cfb11ae58,0xc02aaa39b223fe8d0a0e5c4f27ead9083c756cc2,0x0904dac3347ea47d208f3fd67402d039a3b99859,1500000000000000000,Wrapped Ether,WETH,18,151,275721,1000000001,275721,8082074,deprecated,7224554,1.5,sent,0x8f51f2bdbaa3a10ae0fac783ab7ec86cfb11ae58
48,8750377,1571204034,0xafea5c69a7ed233c6918073be33f5e08f326b276a8dee1ab9b73a6e898c15b60,2997,0x60a81d8c8fa563009c2e24424465e5bf755ddb2a266b4aa4ffab1c75d07e1d72,0x8f51f2bdbaa3a10ae0fac783ab7ec86cfb11ae58,0xc02aaa39b223fe8d0a0e5c4f27ead9083c756cc2,0x0904dac3347ea47d208f3fd67402d039a3b99859,500000000000000000,Wrapped Ether,WETH,18,109,275657,1000000001,275657,7648515,deprecated,7224553,0.5,sent,0x8f51f2bdbaa3a10ae0fac783ab7ec86cfb11ae58
49,8750377,1571204034,0xd9f42d7718a6d4cb2a07ece83c8b1368781d69d8f69e1ef8728c314078a552fd,2999,0x60a81d8c8fa563009c2e24424465e5bf755ddb2a266b4aa4ffab1c75d07e1d72,0x8f51f2bdbaa3a10ae0fac783ab7ec86cfb11ae58,0xc02aaa39b223fe8d0a0e5c4f27ead9083c756cc2,0x0904dac3347ea47d208f3fd67402d039a3b99859,500000000000000000,Wrapped Ether,WETH,18,111,275785,1000000001,275785,8200085,deprecated,7224553,0.5,sent,0x8f51f2bdbaa3a10ae0fac783ab7ec86cfb11ae58
50,8754305,1571257055,0x819bcdd49e0d56295eb3114c88aaef6c69e0c66c9a72ab61965c5b3d8c33d6c5,3523,0x6ca1cac1b751a3ef2264074c1f298ea6e8f80151b06a037dc624c844ffa353fe,0x8f51f2bdbaa3a10ae0fac783ab7ec86cfb11ae58,0xc02aaa39b223fe8d0a0e5c4f27ead9083c756cc2,0x0904dac3347ea47d208f3fd67402d039a3b99859,1840000000000000000,Wrapped Ether,WETH,18,69,275593,1000000001,275593,5394410,deprecated,7220625,1.84,sent,0x8f51f2bdbaa3a10ae0fac783ab7ec86cfb11ae58
51,8756758,1571290649,0x138d243e2b2a419e1b793a575d1e695cb211f33327a810f62a1e4e17961ec3b3,3839,0x57ded255bcdf4ff6a339faf0ae6901909595de22f9b53ebfe12939c787ae7b0d,0x8f51f2bdbaa3a10ae0fac783ab7ec86cfb11ae58,0xc02aaa39b223fe8d0a0e5c4f27ead9083c756cc2,0x0904dac3347ea47d208f3fd67402d039a3b99859,105000000000000000,Wrapped Ether,WETH,18,8,276165,1000000001,276165,1298127,deprecated,7218172,0.105,sent,0x8f51f2bdbaa3a10ae0fac783ab7ec86cfb11ae58
52,8761951,1571361695,0x9bb2d05a7886e6b73ae580e1163c2f66a0acff26b9aba28b3ea66cb409809249,4611,0x069acdac80192e653384d55a534c8535c97b198b67230c4369c5a064e1011747,0x8f51f2bdbaa3a10ae0fac783ab7ec86cfb11ae58,0xc02aaa39b223fe8d0a0e5c4f27ead9083c756cc2,0x0904dac3347ea47d208f3fd67402d039a3b99859,25000000000000000,Wrapped Ether,WETH,18,157,276101,1000000001,276101,8150068,deprecated,7212979,0.025,sent,0x8f51f2bdbaa3a10ae0fac783ab7ec86cfb11ae58
53,8762622,1571371125,0xc043e3b93b1446c14ea6e3a935ffbaf508472db9a1623b819d88dc53d827c37a,4681,0xd3cab8d4bb211f96e725220b065b87e4983dc314eee5327bcce32ae406ad5d54,0x8f51f2bdbaa3a10ae0fac783ab7ec86cfb11ae58,0xc02aaa39b223fe8d0a0e5c4f27ead9083c756cc2,0x0904dac3347ea47d208f3fd67402d039a3b99859,25000000000000000,Wrapped Ether,WETH,18,3,275721,1000000001,275721,3465472,deprecated,7212308,0.025,sent,0x8f51f2bdbaa3a10ae0fac783ab7ec86cfb11ae58
54,8767876,1571442469,0xd90da5735cb8e614fd9f81cfd45219d0f0b981ff18a26a3cc1f8f34dc27836f5,5495,0xaa92516e0e310ceb07cdda9b51df7680cb3d1c009b5ba06dd57bb0b48a79dae7,0x8f51f2bdbaa3a10ae0fac783ab7ec86cfb11ae58,0xc02aaa39b223fe8d0a0e5c4f27ead9083c756cc2,0x0904dac3347ea47d208f3fd67402d039a3b99859,25000000000000000,Wrapped Ether,WETH,18,27,275721,1000000001,275721,3676954,deprecated,7207054,0.025,sent,0x8f51f2bdbaa3a10ae0fac783ab7ec86cfb11ae58
55,8769420,1571462841,0x7bce925654531a935ab7f827cb9d41ac5295c3da97f1cfdeedbd032ebc06c7d1,5742,0xdb55c26e1532b3e905ef204c8429b4ad3c293a61f82c0d63534c5825cc6f588e,0x8f51f2bdbaa3a10ae0fac783ab7ec86cfb11ae58,0xc02aaa39b223fe8d0a0e5c4f27ead9083c756cc2,0x0904dac3347ea47d208f3fd67402d039a3b99859,472500000000000000,Wrapped Ether,WETH,18,44,275913,1000000001,275913,8612448,deprecated,7205510,0.4725,sent,0x8f51f2bdbaa3a10ae0fac783ab7ec86cfb11ae58
56,8770404,1571476406,0xe8969a71fc8a6fc02a63f8f857d70cd7f1df600c637ebb9aa54e49cc6d24dfdd,5879,0x852dd93215e74993648fa73b885985e380a8177619e11f322e87700e7c6fb43d,0x8f51f2bdbaa3a10ae0fac783ab7ec86cfb11ae58,0xc02aaa39b223fe8d0a0e5c4f27ead9083c756cc2,0x0904dac3347ea47d208f3fd67402d039a3b99859,25000000000000000,Wrapped Ether,WETH,18,135,276101,1000000001,276101,8456639,deprecated,7204526,0.025,sent,0x8f51f2bdbaa3a10ae0fac783ab7ec86cfb11ae58
57,8771881,1571496621,0x12a8565b9fc52c979dedc67364b45aee37693cff7e602f18ffa120d54653cfb7,6108,0xa400b6f86085b94c9a951be69c9cffa988063a47a5ee17f6e7ee9b722b2d5f97,0x8f51f2bdbaa3a10ae0fac783ab7ec86cfb11ae58,0xc02aaa39b223fe8d0a0e5c4f27ead9083c756cc2,0x0904dac3347ea47d208f3fd67402d039a3b99859,700000000000000000,Wrapped Ether,WETH,18,16,275721,1000000001,275721,1632404,deprecated,7203049,0.7,sent,0x8f51f2bdbaa3a10ae0fac783ab7ec86cfb11ae58
58,8780278,1571610911,0xf0a4c7e883355866669034b6ae9947b7ca0ce411c0c6fd61cde27d32230ccb1f,6868,0x7ad59b39e34bedca88322d506d06c1da4776ad56739ef10bd1fbeff5163433f3,0x8f51f2bdbaa3a10ae0fac783ab7ec86cfb11ae58,0xc02aaa39b223fe8d0a0e5c4f27ead9083c756cc2,0x0904dac3347ea47d208f3fd67402d039a3b99859,31500000000000000,Wrapped Ether,WETH,18,88,276037,1000000001,276037,8387075,deprecated,7194652,0.0315,sent,0x8f51f2bdbaa3a10ae0fac783ab7ec86cfb11ae58
59,8788275,1571720245,0x19c0bd6cd23b87c92606b7ad264f189b41a1ad8daf449e6b418efda983532994,7322,0x595bb313c5a3e9dcba8554f6e1394dbad0d23017dae2f18f88324604d60d4b64,0x8f51f2bdbaa3a10ae0fac783ab7ec86cfb11ae58,0xc02aaa39b223fe8d0a0e5c4f27ead9083c756cc2,0x0904dac3347ea47d208f3fd67402d039a3b99859,4031600000000000000,Wrapped Ether,WETH,18,72,275469,1000000001,275469,7261407,deprecated,7186655,4.0316,sent,0x8f51f2bdbaa3a10ae0fac783ab7ec86cfb11ae58
60,8801137,1571894829,0xb469e0de76bf98038cbf2171f8fccaace759b42ef59db67baa73c982b1858d5e,7475,0xb04a07d1db506f67b82252c8bf98a1dffe7b2fd340febe546bf58ad649641ee9,0x8f51f2bdbaa3a10ae0fac783ab7ec86cfb11ae58,0xc02aaa39b223fe8d0a0e5c4f27ead9083c756cc2,0x0904dac3347ea47d208f3fd67402d039a3b99859,3675000000000000000,Wrapped Ether,WETH,18,148,275469,1800000001,275469,8751483,deprecated,7173793,3.675,sent,0x8f51f2bdbaa3a10ae0fac783ab7ec86cfb11ae58
61,8826178,1572243545,0xd52e1e9d0b2c7975b64e0c696addecbf9bf95affe95bc37d5ae5f192e12628cc,7861,0x21de08d88462bec40738a6af33f4cab1983b17406ff916f89c68f6f4635d3b46,0x8f51f2bdbaa3a10ae0fac783ab7ec86cfb11ae58,0xc02aaa39b223fe8d0a0e5c4f27ead9083c756cc2,0x0904dac3347ea47d208f3fd67402d039a3b99859,1050000000000000000,Wrapped Ether,WETH,18,162,275469,1000000001,275469,8661600,deprecated,7148752,1.05,sent,0x8f51f2bdbaa3a10ae0fac783ab7ec86cfb11ae58
62,8826604,1572249509,0x6536659229bc265ccebaa700b96c2ff76637ac1ebd89e0d9737dcd7e802bd2b1,7869,0xb16438350c27ea5bb9d38351c59d861ecb84eac3592fd9767aaba89369512d79,0x8f51f2bdbaa3a10ae0fac783ab7ec86cfb11ae58,0xc02aaa39b223fe8d0a0e5c4f27ead9083c756cc2,0x0904dac3347ea47d208f3fd67402d039a3b99859,940000000000000000,Wrapped Ether,WETH,18,231,275469,2100000001,275469,9943341,deprecated,7148326,0.94,sent,0x8f51f2bdbaa3a10ae0fac783ab7ec86cfb11ae58
63,8827139,1572256631,0x7b37e62989ce877b0622f2719fffa883b9489556c481557fc34facd68ce1be72,7880,0x7969f67f370c1eb1a36aafccc1763cf3fa18095b3c318eb2ab72f180a6639eb8,0x8f51f2bdbaa3a10ae0fac783ab7ec86cfb11ae58,0xc02aaa39b223fe8d0a0e5c4f27ead9083c756cc2,0x0904dac3347ea47d208f3fd67402d039a3b99859,940000000000000000,Wrapped Ether,WETH,18,17,275405,5100000001,275405,884152,deprecated,7147791,0.94,sent,0x8f51f2bdbaa3a10ae0fac783ab7ec86cfb11ae58
64,8846694,1572527680,0x4dfa2efc00fd2286d8d4b99229cf9b4501ba0388eb1757a1ff2e45f6050db5b3,8013,0x1dce7b3096ac9c9f01df33baedffddf2df5543b571fa9cfe92e544539d983a7f,0x8f51f2bdbaa3a10ae0fac783ab7ec86cfb11ae58,0xc02aaa39b223fe8d0a0e5c4f27ead9083c756cc2,0x0904dac3347ea47d208f3fd67402d039a3b99859,5250000000000000000,Wrapped Ether,WETH,18,80,275089,1000000001,275089,4605927,deprecated,7128236,5.25,sent,0x8f51f2bdbaa3a10ae0fac783ab7ec86cfb11ae58
65,9020579,1575021824,0x346a636e7c539dc233da26ee26f7c9c41513274458847df4c4107e02721d11b8,231,0x129f18d3122af94c0d981759ba69cae70993a2bb914caccc6dbcc7c9be1c8527,0xc12d1c73ee7dc3615ba4e37e4abfdbddfa38907e,0xc12d1c73ee7dc3615ba4e37e4abfdbddfa38907e,0x8f51f2bdbaa3a10ae0fac783ab7ec86cfb11ae58,88888800000000,KickToken,KICK,8,28,7000000,2000000000,3153438,4228685,deprecated,6954351,0.0000888888,received,0x8f51f2bdbaa3a10ae0fac783ab7ec86cfb11ae58
66,9350536,1579949165,0x750bd8a3d5ebde2715e07d2ff5985e0bf57003e472d7b3103cf4cb37b4685217,0,0x4aace29f83d3b24173527b840a873a8a045e7bd9f7f74ef076605ab52d3158e9,0x63b945faf563dc8f628f2138bea1b6bb2913bec0,0x0d8775f648430679a709e98d2b0cb6250d2887ef,0x8f51f2bdbaa3a10ae0fac783ab7ec86cfb11ae58,1000000000000000000,BAT,BAT,18,84,200000,4000000000,37028,4189874,deprecated,6624394,1,received,0x8f51f2bdbaa3a10ae0fac783ab7ec86cfb11ae58
67,9350565,1579949546,0xf359aaecbb150373d4d666dfbdd31324355a78e85b62e03e3bdb86f9c71fb8cd,0,0xd42492131db3fcffa7c8f54127240aabb10e7f64cde7058221efa9eb57a2a69b,0x207cf44e84428be5dff68d266e67350773052d6b,0x0d8775f648430679a709e98d2b0cb6250d2887ef,0x8f51f2bdbaa3a10ae0fac783ab7ec86cfb11ae58,30793378640000000000,BAT,BAT,18,14,200000,4000000000,22052,582191,deprecated,6624365,30.79337864,received,0x8f51f2bdbaa3a10ae0fac783ab7ec86cfb11ae58
68,9350579,1579949796,0xf1d4585dcc37cc8869fba18ec1dd30e917f64ba4ad8aa8d2c2408eaa0840818f,0,0x09657894ccf90ceeb046c0ba3f597256da079992887aa2f657766e1ee4391b7b,0xc36bf43563fab3f59b1cc03dc84a7950a21e4855,0x6b175474e89094c44da98b954eedeac495271d0f,0x8f51f2bdbaa3a10ae0fac783ab7ec86cfb11ae58,5993405710000000000,Dai Stablecoin,DAI,18,114,200000,4000000000,37018,7182203,deprecated,6624351,5.99340571,received,0x8f51f2bdbaa3a10ae0fac783ab7ec86cfb11ae58
69,9909081,1587382614,0x3fb5d23b7d7a7c8ecda235e262e9ea2aafad0f540cdd2e4ef7f9535bfc5706c6,0,0x6824737ba51af182d886a2093235d8cf53a29cfc37cd6cd48c1eda1f85c17566,0x8d66f2050b37031944de3367444d45b44fd0c724,0x514910771af9ca656af840dff83e8264ecf986ca,0x8f51f2bdbaa3a10ae0fac783ab7ec86cfb11ae58,10000000000000000,ChainLink Token,LINK,18,88,200000,9000000000,36565,3804414,deprecated,6065849,0.01,received,0x8f51f2bdbaa3a10ae0fac783ab7ec86cfb11ae58
70,9909167,1587383760,0xccac061f138d489cd2f53a7f5b3213d638ef9843b833b56c092e8b54717e4402,0,0xc4fbfed62dbef7c425584393be5b8459238aedeab2140c951b012d4a2fa11f47,0x1079b7bcd8b0c72ab7985c499ae05482257470a2,0x514910771af9ca656af840dff83e8264ecf986ca,0x8f51f2bdbaa3a10ae0fac783ab7ec86cfb11ae58,2450600000000000000000,ChainLink Token,LINK,18,107,200000,9000000000,21589,5422951,deprecated,6065763,2450.6,received,0x8f51f2bdbaa3a10ae0fac783ab7ec86cfb11ae58
71,10550914,1595977953,0x77fd8987527459bc43f9b01f9cc2ed68c4ab050abe6a0fc52806d58367db7fdb,154,0xd1c142c9b1e4200846f30d2d1062c7e57e554590f2c259691f302f8970fe41da,0x8f51f2bdbaa3a10ae0fac783ab7ec86cfb11ae58,0xc02aaa39b223fe8d0a0e5c4f27ead9083c756cc2,0x7f27489d142fb5167e8df7bf661c1e6c3139740c,300000000000000000,Wrapped Ether,WETH,18,173,202612,44000000000,194964,11208182,deprecated,5424016,0.3,sent,0x8f51f2bdbaa3a10ae0fac783ab7ec86cfb11ae58
72,10742758,1598533188,0x1dd7ff4713e10589dce94529686c1b24ad8c459a2382a8e0adf6e4c696b40016,423,0x4f5a0171f0759afe46ac1b70884372a907587e23a421389fd10957c95b8ec3a2,0x8f51f2bdbaa3a10ae0fac783ab7ec86cfb11ae58,0xc02aaa39b223fe8d0a0e5c4f27ead9083c756cc2,0xdba9648ff976995bd31d9ee9a76d2a95813d6b6b,350000000000000000,Wrapped Ether,WETH,18,100,202381,92100000000,194736,12180121,deprecated,5232172,0.35,sent,0x8f51f2bdbaa3a10ae0fac783ab7ec86cfb11ae58
73,12100011,1616567753,0x71cc1acb3173fdd8e568e12f3e0b78451ddac504c41fd6ccd99f9861d792daeb,2184,0x835e0beb025f2e22d1e8b82f351ff72f472ba92d96eadb65e4f7df7cdf188caa,0xb4e16d0168e52d35cacd2c6185b44281ec28c9dc,0xa0b86991c6218b36c1d19d4a2e9eb0ce3606eb48,0x8f51f2bdbaa3a10ae0fac783ab7ec86cfb11ae58,16683849,USD Coin,USDC,6,136,174929,110387200000,121300,9364491,deprecated,3874919,1.6683849E-11,received,0x8f51f2bdbaa3a10ae0fac783ab7ec86cfb11ae58
74,12103510,1616614628,0x32939bf3fe14356f72687424b6782359f7258c4c8e8aa0de30a569d0978888dd,2185,0x81e5a5fb4f5a17368508b3ebee42aefaf1f0d277275962b8effcbef287c03c71,0xb4e16d0168e52d35cacd2c6185b44281ec28c9dc,0xa0b86991c6218b36c1d19d4a2e9eb0ce3606eb48,0x8f51f2bdbaa3a10ae0fac783ab7ec86cfb11ae58,530211062054,USD Coin,USDC,6,170,144766,200000000000,106324,8087761,deprecated,3871420,5.30211062054E-7,received,0x8f51f2bdbaa3a10ae0fac783ab7ec86cfb11ae58
75,12139275,1617089123,0xa64e562aada0f7f347aa6746e2e1dd5d75f91357693246d0f9475dc2b544fc1e,2186,0xcd2a9017d0d2d439a7c1cd9acae86f1df329de2ce1d99ff13b2dc1de61536786,0x8f51f2bdbaa3a10ae0fac783ab7ec86cfb11ae58,0xa0b86991c6218b36c1d19d4a2e9eb0ce3606eb48,0x84647f53dbb0e7723bd84f0707ffb99fd8f51f6e,1000000,USD Coin,USDC,6,111,69418,125000000000,57369,5594044,deprecated,3835655,1E-12,sent,0x8f51f2bdbaa3a10ae0fac783ab7ec86cfb11ae58
76,12139332,1617089970,0xac43007a5c0963743a7d9e031f2ca0c124a6f60a035e215b1f6969beaac79d5c,2187,0x26624d96f517e85177ae7a8a261d43c4bcb35a559d077e272a7b730b445aac65,0x8f51f2bdbaa3a10ae0fac783ab7ec86cfb11ae58,0xa0b86991c6218b36c1d19d4a2e9eb0ce3606eb48,0x6b0c48ccd7f0e52e44dd7c0f4cef7418730f3fe8,350000000000,USD Coin,USDC,6,136,69432,135000000000,57381,4707225,deprecated,3835598,3.5E-7,sent,0x8f51f2bdbaa3a10ae0fac783ab7ec86cfb11ae58
77,12177985,1617603599,0x588c3c497436ef375d684049ed5b6fa9a4ed70787dc3d3c0e7132e7916d8cdb8,2188,0xa77e0c3c509c7e1f5091ec224131d0e6892505d09ef90eaf91cb45d1ebd1ba69,0xb4e16d0168e52d35cacd2c6185b44281ec28c9dc,0xa0b86991c6218b36c1d19d4a2e9eb0ce3606eb48,0x8f51f2bdbaa3a10ae0fac783ab7ec86cfb11ae58,110211468759,USD Coin,USDC,6,123,158194,107000000000,106324,8174802,deprecated,3796945,1.10211468759E-7,received,0x8f51f2bdbaa3a10ae0fac783ab7ec86cfb11ae58
78,12185024,1617697467,0x88ce2f8376921d4979b5c52310abfcc793c3ed40f9b631bc369126f174d5b00f,36897,0x2f2d765705f2d943023c8fc72b57eb1cf9b7b176026ce2b84ef12575fcef64f2,0x8f51f2bdbaa3a10ae0fac783ab7ec86cfb11ae58,0xc02aaa39b223fe8d0a0e5c4f27ead9083c756cc2,0x5d4a4ce5fbc5c89ee347434b60bfc8733ff3e354,8508543750000000000,Wrapped Ether,WETH,18,146,450000,142000000000,236292,4309388,deprecated,3789906,8.50854375,sent,0x8f51f2bdbaa3a10ae0fac783ab7ec86cfb11ae58
79,12185067,1617697916,0x105e89baa18fd09cd93c2bfe1d0deaf5e2963fa46c1f0ff98b403066f7eab60a,36898,0xff56c9285af4d1bb24b81edd45ae905b0313f745c6ff669ff7a2ccba8ca21184,0x8f51f2bdbaa3a10ae0fac783ab7ec86cfb11ae58,0xc02aaa39b223fe8d0a0e5c4f27ead9083c756cc2,0x5d4a4ce5fbc5c89ee347434b60bfc8733ff3e354,6142500000000000000,Wrapped Ether,WETH,18,191,450000,141000000000,221316,6738024,deprecated,3789863,6.1425,sent,0x8f51f2bdbaa3a10ae0fac783ab7ec86cfb11ae58
80,12194463,1617822020,0x5c50087f5a7f0c85fac9cb39756877d06386a0552053ebee929dc1af228db3c2,2191,0x0ab39171faa300a9d997d3cd4044549a93897db6e29108a52eb82ecf5c1a2c4a,0x8f51f2bdbaa3a10ae0fac783ab7ec86cfb11ae58,0xa0b86991c6218b36c1d19d4a2e9eb0ce3606eb48,0x39aa39c021dfbae8fac545936693ac917d5e7563,250000000000,USD Coin,USDC,6,37,272020,120000000000,220704,3341085,deprecated,3780467,2.5E-7,sent,0x8f51f2bdbaa3a10ae0fac783ab7ec86cfb11ae58
81,12194463,1617822020,0x5c50087f5a7f0c85fac9cb39756877d06386a0552053ebee929dc1af228db3c2,2191,0x0ab39171faa300a9d997d3cd4044549a93897db6e29108a52eb82ecf5c1a2c4a,0x39aa39c021dfbae8fac545936693ac917d5e7563,0x39aa39c021dfbae8fac545936693ac917d5e7563,0x8f51f2bdbaa3a10ae0fac783ab7ec86cfb11ae58,1143524608187132,Compound USD Coin,cUSDC,8,37,272020,120000000000,220704,3341085,deprecated,3780467,0.001143524608187132,received,0x8f51f2bdbaa3a10ae0fac783ab7ec86cfb11ae58
82,12194911,1617828207,0xbaf9ef21d7e948257436eccad6c46a708de7448acf96c3a375118b3f006012cd,2192,0xa12c7527d649abc4b85616728af88548fb8e62e524536553edc788142369e3a0,0x39aa39c021dfbae8fac545936693ac917d5e7563,0xa0b86991c6218b36c1d19d4a2e9eb0ce3606eb48,0x8f51f2bdbaa3a10ae0fac783ab7ec86cfb11ae58,250004891230,USD Coin,USDC,6,90,242020,149000001459,152407,10320502,deprecated,3780019,2.5000489123E-7,received,0x8f51f2bdbaa3a10ae0fac783ab7ec86cfb11ae58
83,12194911,1617828207,0xbaf9ef21d7e948257436eccad6c46a708de7448acf96c3a375118b3f006012cd,2192,0xa12c7527d649abc4b85616728af88548fb8e62e524536553edc788142369e3a0,0x8f51f2bdbaa3a10ae0fac783ab7ec86cfb11ae58,0x39aa39c021dfbae8fac545936693ac917d5e7563,0x39aa39c021dfbae8fac545936693ac917d5e7563,1143524608187132,Compound USD Coin,cUSDC,8,90,242020,149000001459,152407,10320502,deprecated,3780019,0.001143524608187132,sent,0x8f51f2bdbaa3a10ae0fac783ab7ec86cfb11ae58
84,12304056,1619282376,0xeb108fdd6645927b51b503276c5bfa21a2f8b049027acdae4b4cd58135c2a854,2208,0xa71021257b382869015f87647aa0da99d15514e4e0ce429cbe27f1e67b9ba108,0x8f51f2bdbaa3a10ae0fac783ab7ec86cfb11ae58,0x514910771af9ca656af840dff83e8264ecf986ca,0xa2107fa5b38d9bbd2c461d6edf11b11a50f6b974,2450610000000000000000,ChainLink Token,LINK,18,175,198462,57142857142,146729,13906859,deprecated,3670874,2450.61,sent,0x8f51f2bdbaa3a10ae0fac783ab7ec86cfb11ae58
85,12304056,1619282376,0xeb108fdd6645927b51b503276c5bfa21a2f8b049027acdae4b4cd58135c2a854,2208,0xa71021257b382869015f87647aa0da99d15514e4e0ce429cbe27f1e67b9ba108,0xb4e16d0168e52d35cacd2c6185b44281ec28c9dc,0xa0b86991c6218b36c1d19d4a2e9eb0ce3606eb48,0x8f51f2bdbaa3a10ae0fac783ab7ec86cfb11ae58,78370187735,USD Coin,USDC,6,175,198462,57142857142,146729,13906859,deprecated,3670874,7.8370187735E-8,received,0x8f51f2bdbaa3a10ae0fac783ab7ec86cfb11ae58
86,12568096,1622811380,0xe22b11384a62c7f532926937529665c4ae676e830b76cca561041108a62a8b33,2213,0xcbde0c497dc36a25ea78df7413d967cee5116c20f36f1d0fe30a6f698d4c26a8,0xa040832b1e5026da6dc843e6773a9e4d02fff9b1,0xbb0e17ef65f82ab018d8edd776e8dd940327b28b,0x8f51f2bdbaa3a10ae0fac783ab7ec86cfb11ae58,29695234081067792913,Axie Infinity Shard,AXS,18,110,173065,25300000000,118741,8799772,deprecated,3406834,29.695234081067792913,received,0x8f51f2bdbaa3a10ae0fac783ab7ec86cfb11ae58
87,12568103,1622811498,0x96103176bf228ecd1b48ba4db9ccae2882e9e898ab70a422cce8cdae7b4dcd33,2214,0xcd83ad0a7331e71554a1d88eda4b80f1402a83377978fc5ed82ba3966a7240aa,0x8f51f2bdbaa3a10ae0fac783ab7ec86cfb11ae58,0xbb0e17ef65f82ab018d8edd776e8dd940327b28b,0x1a2a1c938ce3ec39b6d47113c7955baa9dd454f2,29695234081067792913,Axie Infinity Shard,AXS,18,172,212410,24000001459,145341,14591989,deprecated,3406827,29.695234081067792913,sent,0x8f51f2bdbaa3a10ae0fac783ab7ec86cfb11ae58
88,12920745,1627562007,0x5881a3ec7208832af3067e043b3fc272f06c6d9b6aafb29e67f314472560fd1a,2222,0x9e62fc1dfee1f828562ff7350e75ba16c53acc5e355fac1de73cb8a37f668015,0x1a2a1c938ce3ec39b6d47113c7955baa9dd454f2,0xbb0e17ef65f82ab018d8edd776e8dd940327b28b,0x8f51f2bdbaa3a10ae0fac783ab7ec86cfb11ae58,19695234081067792913,Axie Infinity Shard,AXS,18,93,257581,22000000000,204895,7684188,deprecated,3054185,19.695234081067792913,received,0x8f51f2bdbaa3a10ae0fac783ab7ec86cfb11ae58
89,12944109,1627881901,0x6fb329ac7d4faf7bf906c4eda1ef1b4eacf438dd497e1f35d365129ba6b25a8f,2223,0xd2550740817504f27f1b82aee0c370e1e6fa9ad8c3a05ce2a6959dffce952c6f,0x8f51f2bdbaa3a10ae0fac783ab7ec86cfb11ae58,0xa0b86991c6218b36c1d19d4a2e9eb0ce3606eb48,0xd60782f703cb55f2b09b733b06635e788c62d9b0,1000000,USD Coin,USDC,6,234,79381,29200000000,65613,10518151,deprecated,3030821,1E-12,sent,0x8f51f2bdbaa3a10ae0fac783ab7ec86cfb11ae58
90,12944119,1627882004,0xc5b8c035e463c459e7c2d3acbfab2d3faa7551b7122d7642728e3d1090eec197,2224,0x48f60466a71bd612add945b495135b1fccb8fa242e8eacdaa6b959aaab173a5a,0x8f51f2bdbaa3a10ae0fac783ab7ec86cfb11ae58,0xa0b86991c6218b36c1d19d4a2e9eb0ce3606eb48,0xd60782f703cb55f2b09b733b06635e788c62d9b0,24999000000,USD Coin,USDC,6,209,58565,26600000000,48537,12069591,deprecated,3030811,2.4999E-8,sent,0x8f51f2bdbaa3a10ae0fac783ab7ec86cfb11ae58
91,13262016,1632132636,0x6305c082cc4484ca35ccedf0a8dc23d5dfdb286944ee278bbb61c3c5cada7516,2229,0x9ebba358fe4d3034df916900b79a1c1f7b3f6137bb734dad05e0ba63db0f7c5d,0x8f51f2bdbaa3a10ae0fac783ab7ec86cfb11ae58,0xa0b86991c6218b36c1d19d4a2e9eb0ce3606eb48,0xb4f7c16b008ab1e17c735efe785ea969f51956c9,43813000000,USD Coin,USDC,6,57,79396,42200000000,65625,4214286,deprecated,2712914,4.3813E-8,sent,0x8f51f2bdbaa3a10ae0fac783ab7ec86cfb11ae58
92,13286750,1632463069,0x38bff1fc69779ae46fab176f9f920b9e61912b40484a6d15a95f79706428ec3c,2231,0x6d33199215007adcb221a2b66462379eab7387ff97c6a7cab5bcff9a5cb74a93,0x8f51f2bdbaa3a10ae0fac783ab7ec86cfb11ae58,0xa0b86991c6218b36c1d19d4a2e9eb0ce3606eb48,0x39aa39c021dfbae8fac545936693ac917d5e7563,50000000000,USD Coin,USDC,6,159,232020,60950383835,191281,10905047,deprecated,2688180,5E-8,sent,0x8f51f2bdbaa3a10ae0fac783ab7ec86cfb11ae58
93,13286750,1632463069,0x38bff1fc69779ae46fab176f9f920b9e61912b40484a6d15a95f79706428ec3c,2231,0x6d33199215007adcb221a2b66462379eab7387ff97c6a7cab5bcff9a5cb74a93,0x39aa39c021dfbae8fac545936693ac917d5e7563,0x39aa39c021dfbae8fac545936693ac917d5e7563,0x8f51f2bdbaa3a10ae0fac783ab7ec86cfb11ae58,225284472524297,Compound USD Coin,cUSDC,8,159,232020,60950383835,191281,10905047,deprecated,2688180,0.000225284472524297,received,0x8f51f2bdbaa3a10ae0fac783ab7ec86cfb11ae58
94,13286759,1632463220,0x51992da1eba6db1bf6581777e52a8c27e275863b40737dc9be72f04301096d1a,192,0x74f37b698e2351fbd3352b7adc04eed741bb5ecd0690966e420fbece5fd9e37a,0x26004d228fc8a32c5bd1a106108c8647a455b04a,0x26004d228fc8a32c5bd1a106108c8647a455b04a,0x8f51f2bdbaa3a10ae0fac783ab7ec86cfb11ae58,300000000000000000000000,RSwap.net,RSwap.net,18,40,82044,61021684562,74586,1972052,deprecated,2688171,300000,received,0x8f51f2bdbaa3a10ae0fac783ab7ec86cfb11ae58
95,13386512,1633809211,0xa504f1109b9de0b28ca84f52a75bdf078625d216f45d04d8bb897b24ed0e4242,2234,0xccde840c2e2d283226aa443ed4f382905342338cc2d3ba5fa99db281a22fa3c3,0x8f51f2bdbaa3a10ae0fac783ab7ec86cfb11ae58,0xa0b86991c6218b36c1d19d4a2e9eb0ce3606eb48,0xb4e16d0168e52d35cacd2c6185b44281ec28c9dc,5000000000,USD Coin,USDC,6,236,234926,71998267317,197773,18250648,deprecated,2588418,5E-9,sent,0x8f51f2bdbaa3a10ae0fac783ab7ec86cfb11ae58
96,13386512,1633809211,0xa504f1109b9de0b28ca84f52a75bdf078625d216f45d04d8bb897b24ed0e4242,2234,0xccde840c2e2d283226aa443ed4f382905342338cc2d3ba5fa99db281a22fa3c3,0xe4fabdb6b1658aa39146d8017c0266f8fb0f1f1e,0x15f0eedf9ce24fc4b6826e590a8292ce5524a1da,0x8f51f2bdbaa3a10ae0fac783ab7ec86cfb11ae58,1385780113868548304213,Decentralized Nations,DENA,18,236,234926,71998267317,197773,18250648,deprecated,2588418,1385.780113868548304213,received,0x8f51f2bdbaa3a10ae0fac783ab7ec86cfb11ae58
97,13386524,1633809407,0xaffd9e133440a933a26f75c186e3268165ec10cb8c571a2a8ead42c700b88e04,2235,0x316f736e7033a558a7b6256e7dae63b12258b30200175076ca70dcc4c362a90c,0x8f51f2bdbaa3a10ae0fac783ab7ec86cfb11ae58,0xa0b86991c6218b36c1d19d4a2e9eb0ce3606eb48,0xae461ca67b15dc8dc81ce7615e0320da1a9ab8d5,5000000000,USD Coin,USDC,6,215,227082,74636778713,181091,21608288,deprecated,2588406,5E-9,sent,0x8f51f2bdbaa3a10ae0fac783ab7ec86cfb11ae58
98,13386524,1633809407,0xaffd9e133440a933a26f75c186e3268165ec10cb8c571a2a8ead42c700b88e04,2235,0x316f736e7033a558a7b6256e7dae63b12258b30200175076ca70dcc4c362a90c,0x44fa3d570f1838dcf079ac7d19b8f2d23e2b889f,0x15f0eedf9ce24fc4b6826e590a8292ce5524a1da,0x8f51f2bdbaa3a10ae0fac783ab7ec86cfb11ae58,1336527345900099038565,Decentralized Nations,DENA,18,215,227082,74636778713,181091,21608288,deprecated,2588406,1336.527345900099038565,received,0x8f51f2bdbaa3a10ae0fac783ab7ec86cfb11ae58
99,13386638,1633810689,0xa61aea7433f349962edfd710e425ee61f462158e7b2e393b984ae3cc5a3d18cd,2236,0x470dde382b376d00d9f6799db6576dc2e334b1ca0939241bdd606be52743d224,0x6c6bc977e13df9b0de53b251522280bb72383700,0x6b175474e89094c44da98b954eedeac495271d0f,0x8f51f2bdbaa3a10ae0fac783ab7ec86cfb11ae58,9987481075734876420893,Dai Stablecoin,DAI,18,153,218500,98018329382,159143,16778657,deprecated,2588292,9987.481075734876420893,received,0x8f51f2bdbaa3a10ae0fac783ab7ec86cfb11ae58
100,13386638,1633810689,0xa61aea7433f349962edfd710e425ee61f462158e7b2e393b984ae3cc5a3d18cd,2236,0x470dde382b376d00d9f6799db6576dc2e334b1ca0939241bdd606be52743d224,0x8f51f2bdbaa3a10ae0fac783ab7ec86cfb11ae58,0xa0b86991c6218b36c1d19d4a2e9eb0ce3606eb48,0x6c6bc977e13df9b0de53b251522280bb72383700,10000000000,USD Coin,USDC,6,153,218500,98018329382,159143,16778657,deprecated,2588292,1E-8,sent,0x8f51f2bdbaa3a10ae0fac783ab7ec86cfb11ae58
101,13386660,1633811000,0x02fd977da8dd8ee766cda48f72f21dad49989596bcc1b886de4a662360e29ecd,2239,0xe0469e3903a9163e609290fa3a134543258b0990103c0a25a68230521dfddc24,0x8f51f2bdbaa3a10ae0fac783ab7ec86cfb11ae58,0x6b175474e89094c44da98b954eedeac495271d0f,0x44fa3d570f1838dcf079ac7d19b8f2d23e2b889f,9993474481444876420893,Dai Stablecoin,DAI,18,98,180831,101751410601,140085,12327282,deprecated,2588270,9993.474481444876420893,sent,0x8f51f2bdbaa3a10ae0fac783ab7ec86cfb11ae58
102,13386660,1633811000,0x02fd977da8dd8ee766cda48f72f21dad49989596bcc1b886de4a662360e29ecd,2239,0xe0469e3903a9163e609290fa3a134543258b0990103c0a25a68230521dfddc24,0x8f51f2bdbaa3a10ae0fac783ab7ec86cfb11ae58,0x15f0eedf9ce24fc4b6826e590a8292ce5524a1da,0x44fa3d570f1838dcf079ac7d19b8f2d23e2b889f,2563779639949757289006,Decentralized Nations,DENA,18,98,180831,101751410601,140085,12327282,deprecated,2588270,2563.779639949757289006,sent,0x8f51f2bdbaa3a10ae0fac783ab7ec86cfb11ae58
103,13386660,1633811000,0x02fd977da8dd8ee766cda48f72f21dad49989596bcc1b886de4a662360e29ecd,2239,0xe0469e3903a9163e609290fa3a134543258b0990103c0a25a68230521dfddc24,0x0000000000000000000000000000000000000000,0x44fa3d570f1838dcf079ac7d19b8f2d23e2b889f,0x8f51f2bdbaa3a10ae0fac783ab7ec86cfb11ae58,4953415085363073731317,Uniswap V2,UNI-V2,18,98,180831,101751410601,140085,12327282,deprecated,2588270,4953.415085363073731317,received,0x8f51f2bdbaa3a10ae0fac783ab7ec86cfb11ae58
104,13386896,1633814097,0xe9e5f5d12da589c076f9bda280e1e71d72e59ea59babba963ac80dea51b42e08,2240,0xbf8eece24e6d1375baf64ba765355cdefe31b9452f755b558301ae6d63b8542e,0x8f51f2bdbaa3a10ae0fac783ab7ec86cfb11ae58,0x44fa3d570f1838dcf079ac7d19b8f2d23e2b889f,0xf0115bb33f45950c52ed98ccdf4087929be9706f,4953415085363073731317,Uniswap V2,UNI-V2,18,345,350000,67218482216,147935,26067260,deprecated,2588034,4953.415085363073731317,sent,0x8f51f2bdbaa3a10ae0fac783ab7ec86cfb11ae58
105,13392106,1633884807,0x770139178b4a4c452c9429524febec6fb0cf532984bad310587cd52f17bb7bcd,2241,0xc1dd82438a6316fc10016c296e32e04eaf4a5add6752ebf00ed11e2ae56c4e2c,0x8f51f2bdbaa3a10ae0fac783ab7ec86cfb11ae58,0xa0b86991c6218b36c1d19d4a2e9eb0ce3606eb48,0xb4e16d0168e52d35cacd2c6185b44281ec28c9dc,5000000000,USD Coin,USDC,6,230,226564,71215214489,180661,25164455,deprecated,2582824,5E-9,sent,0x8f51f2bdbaa3a10ae0fac783ab7ec86cfb11ae58
106,13392106,1633884807,0x770139178b4a4c452c9429524febec6fb0cf532984bad310587cd52f17bb7bcd,2241,0xc1dd82438a6316fc10016c296e32e04eaf4a5add6752ebf00ed11e2ae56c4e2c,0xe4fabdb6b1658aa39146d8017c0266f8fb0f1f1e,0x15f0eedf9ce24fc4b6826e590a8292ce5524a1da,0x8f51f2bdbaa3a10ae0fac783ab7ec86cfb11ae58,1289367192064409160697,Decentralized Nations,DENA,18,230,226564,71215214489,180661,25164455,deprecated,2582824,1289.367192064409160697,received,0x8f51f2bdbaa3a10ae0fac783ab7ec86cfb11ae58
107,13392115,1633884929,0x89362e6eddbee0caa7253201844c95338c7db3413e90937abeb8e3ba564f734c,2242,0x2020ec663f8994fa6a51424d42b129d538fae5a3cab83aafa299582f802b5ad5,0x8f51f2bdbaa3a10ae0fac783ab7ec86cfb11ae58,0xa0b86991c6218b36c1d19d4a2e9eb0ce3606eb48,0xae461ca67b15dc8dc81ce7615e0320da1a9ab8d5,5000000000,USD Coin,USDC,6,210,227082,73253463546,181091,19809577,deprecated,2582815,5E-9,sent,0x8f51f2bdbaa3a10ae0fac783ab7ec86cfb11ae58
108,13392115,1633884929,0x89362e6eddbee0caa7253201844c95338c7db3413e90937abeb8e3ba564f734c,2242,0x2020ec663f8994fa6a51424d42b129d538fae5a3cab83aafa299582f802b5ad5,0x44fa3d570f1838dcf079ac7d19b8f2d23e2b889f,0x15f0eedf9ce24fc4b6826e590a8292ce5524a1da,0x8f51f2bdbaa3a10ae0fac783ab7ec86cfb11ae58,1258957417927285854051,Decentralized Nations,DENA,18,210,227082,73253463546,181091,19809577,deprecated,2582815,1258.957417927285854051,received,0x8f51f2bdbaa3a10ae0fac783ab7ec86cfb11ae58
109,13392125,1633885032,0xa36300bf65feba5d539c613f19850f0535a4c690c3871029f8d031aaadc8bf1a,2243,0x22fc300c10f4784427cddf5fe3ebc6d18f8faab305c22c43df15f9f48c8e5a3f,0x8f51f2bdbaa3a10ae0fac783ab7ec86cfb11ae58,0xa0b86991c6218b36c1d19d4a2e9eb0ce3606eb48,0xb4e16d0168e52d35cacd2c6185b44281ec28c9dc,5000000000,USD Coin,USDC,6,330,226579,78756249063,180673,26785883,deprecated,2582805,5E-9,sent,0x8f51f2bdbaa3a10ae0fac783ab7ec86cfb11ae58
110,13392125,1633885032,0xa36300bf65feba5d539c613f19850f0535a4c690c3871029f8d031aaadc8bf1a,2243,0x22fc300c10f4784427cddf5fe3ebc6d18f8faab305c22c43df15f9f48c8e5a3f,0xe4fabdb6b1658aa39146d8017c0266f8fb0f1f1e,0x15f0eedf9ce24fc4b6826e590a8292ce5524a1da,0x8f51f2bdbaa3a10ae0fac783ab7ec86cfb11ae58,1210719495876141955046,Decentralized Nations,DENA,18,330,226579,78756249063,180673,26785883,deprecated,2582805,1210.719495876141955046,received,0x8f51f2bdbaa3a10ae0fac783ab7ec86cfb11ae58
111,13392136,1633885176,0x009f6d9b6c81a57dcbdfc24acd25a699550a273536fd28619673737f3aabf4e7,2244,0xf507b8582ba1ddc0117db8b721e50da407c3ec515082c0a45d95861041d1ac0f,0x8f51f2bdbaa3a10ae0fac783ab7ec86cfb11ae58,0xa0b86991c6218b36c1d19d4a2e9eb0ce3606eb48,0xb4e16d0168e52d35cacd2c6185b44281ec28c9dc,5000000000,USD Coin,USDC,6,1,214080,69881495947,180673,342954,deprecated,2582794,5E-9,sent,0x8f51f2bdbaa3a10ae0fac783ab7ec86cfb11ae58
112,13392136,1633885176,0x009f6d9b6c81a57dcbdfc24acd25a699550a273536fd28619673737f3aabf4e7,2244,0xf507b8582ba1ddc0117db8b721e50da407c3ec515082c0a45d95861041d1ac0f,0xe4fabdb6b1658aa39146d8017c0266f8fb0f1f1e,0x15f0eedf9ce24fc4b6826e590a8292ce5524a1da,0x8f51f2bdbaa3a10ae0fac783ab7ec86cfb11ae58,1162729489904831624861,Decentralized Nations,DENA,18,1,214080,69881495947,180673,342954,deprecated,2582794,1162.729489904831624861,received,0x8f51f2bdbaa3a10ae0fac783ab7ec86cfb11ae58
113,13392157,1633885404,0xf52b31eb06ff2d9dcc1d9a7a9d9672ac19cff12a26793ea42fcfb6430d58056e,2245,0xfc261e192e3182f5747e97264f74443f8522c7ae3137e2ba39201a4650322442,0x6c6bc977e13df9b0de53b251522280bb72383700,0x6b175474e89094c44da98b954eedeac495271d0f,0x8f51f2bdbaa3a10ae0fac783ab7ec86cfb11ae58,19975601024073997898418,Dai Stablecoin,DAI,18,354,219126,84537436435,159117,29283178,deprecated,2582773,19975.601024073997898418,received,0x8f51f2bdbaa3a10ae0fac783ab7ec86cfb11ae58
114,13392157,1633885404,0xf52b31eb06ff2d9dcc1d9a7a9d9672ac19cff12a26793ea42fcfb6430d58056e,2245,0xfc261e192e3182f5747e97264f74443f8522c7ae3137e2ba39201a4650322442,0x8f51f2bdbaa3a10ae0fac783ab7ec86cfb11ae58,0xa0b86991c6218b36c1d19d4a2e9eb0ce3606eb48,0x6c6bc977e13df9b0de53b251522280bb72383700,20000000000,USD Coin,USDC,6,354,219126,84537436435,159117,29283178,deprecated,2582773,2E-8,sent,0x8f51f2bdbaa3a10ae0fac783ab7ec86cfb11ae58
115,13392168,1633885614,0x54810cb33248a9ea08d34711b90e46b529e7cb218602423f6d5b000e49bb483a,2246,0x4fce4313ea65b4d01bb7aa762ba11ea79b3c320641dc8004faa52eb05244e870,0x8f51f2bdbaa3a10ae0fac783ab7ec86cfb11ae58,0x15f0eedf9ce24fc4b6826e590a8292ce5524a1da,0x44fa3d570f1838dcf079ac7d19b8f2d23e2b889f,4690000000000000000000,Decentralized Nations,DENA,18,245,180740,108685934393,144809,21426596,deprecated,2582762,4690,sent,0x8f51f2bdbaa3a10ae0fac783ab7ec86cfb11ae58
116,13392168,1633885614,0x54810cb33248a9ea08d34711b90e46b529e7cb218602423f6d5b000e49bb483a,2246,0x4fce4313ea65b4d01bb7aa762ba11ea79b3c320641dc8004faa52eb05244e870,0x8f51f2bdbaa3a10ae0fac783ab7ec86cfb11ae58,0x6b175474e89094c44da98b954eedeac495271d0f,0x44fa3d570f1838dcf079ac7d19b8f2d23e2b889f,19956096277009998456197,Dai Stablecoin,DAI,18,245,180740,108685934393,144809,21426596,deprecated,2582762,19956.096277009998456197,sent,0x8f51f2bdbaa3a10ae0fac783ab7ec86cfb11ae58
117,13392168,1633885614,0x54810cb33248a9ea08d34711b90e46b529e7cb218602423f6d5b000e49bb483a,2246,0x4fce4313ea65b4d01bb7aa762ba11ea79b3c320641dc8004faa52eb05244e870,0x0000000000000000000000000000000000000000,0x44fa3d570f1838dcf079ac7d19b8f2d23e2b889f,0x8f51f2bdbaa3a10ae0fac783ab7ec86cfb11ae58,9466319385532399349648,Uniswap V2,UNI-V2,18,245,180740,108685934393,144809,21426596,deprecated,2582762,9466.319385532399349648,received,0x8f51f2bdbaa3a10ae0fac783ab7ec86cfb11ae58
118,13392225,1633886389,0xfba11b6cd0cfd47b585cedce349789cb0450d07067e96b7459ebb4ede58bb745,2247,0x0a2c83c4c144a0fa4ed8712eeb9b370dc9df029c52eaaef1b7e7caf9559f2044,0x8f51f2bdbaa3a10ae0fac783ab7ec86cfb11ae58,0x44fa3d570f1838dcf079ac7d19b8f2d23e2b889f,0xf0115bb33f45950c52ed98ccdf4087929be9706f,9466319385532399349648,Uniswap V2,UNI-V2,18,134,350000,80533233147,116594,14752567,deprecated,2582705,9466.319385532399349648,sent,0x8f51f2bdbaa3a10ae0fac783ab7ec86cfb11ae58
119,13402344,1634024056,0xdcccb4cca820244c8a38d99f4c5a3e29577969b4358b70c5656e68bd9bce96ae,2248,0xc0270c5ae75bc90fffec7351d3ad82b6f5500c68b78b0b112263869545e1120e,0x8f51f2bdbaa3a10ae0fac783ab7ec86cfb11ae58,0xa0b86991c6218b36c1d19d4a2e9eb0ce3606eb48,0xb4e16d0168e52d35cacd2c6185b44281ec28c9dc,5000000000,USD Coin,USDC,6,156,226579,72562319106,180673,12498791,deprecated,2572586,5E-9,sent,0x8f51f2bdbaa3a10ae0fac783ab7ec86cfb11ae58
120,13402344,1634024056,0xdcccb4cca820244c8a38d99f4c5a3e29577969b4358b70c5656e68bd9bce96ae,2248,0xc0270c5ae75bc90fffec7351d3ad82b6f5500c68b78b0b112263869545e1120e,0xe4fabdb6b1658aa39146d8017c0266f8fb0f1f1e,0x15f0eedf9ce24fc4b6826e590a8292ce5524a1da,0x8f51f2bdbaa3a10ae0fac783ab7ec86cfb11ae58,1193070525016122379276,Decentralized Nations,DENA,18,156,226579,72562319106,180673,12498791,deprecated,2572586,1193.070525016122379276,received,0x8f51f2bdbaa3a10ae0fac783ab7ec86cfb11ae58
121,13402353,1634024188,0x8f4f6022268db39b8d6cfadd8dd71133704b76b5119ed69484b9b216fbf78b54,2249,0x981d7e77e9ad9dd01a41bbd28330f69a31e7d4ac1c3cc557394bb785a123f534,0x8f51f2bdbaa3a10ae0fac783ab7ec86cfb11ae58,0xa0b86991c6218b36c1d19d4a2e9eb0ce3606eb48,0xae461ca67b15dc8dc81ce7615e0320da1a9ab8d5,5000000000,USD Coin,USDC,6,245,227082,68879081030,181091,17277235,deprecated,2572577,5E-9,sent,0x8f51f2bdbaa3a10ae0fac783ab7ec86cfb11ae58
122,13402353,1634024188,0x8f4f6022268db39b8d6cfadd8dd71133704b76b5119ed69484b9b216fbf78b54,2249,0x981d7e77e9ad9dd01a41bbd28330f69a31e7d4ac1c3cc557394bb785a123f534,0x44fa3d570f1838dcf079ac7d19b8f2d23e2b889f,0x15f0eedf9ce24fc4b6826e590a8292ce5524a1da,0x8f51f2bdbaa3a10ae0fac783ab7ec86cfb11ae58,1162379332213301584670,Decentralized Nations,DENA,18,245,227082,68879081030,181091,17277235,deprecated,2572577,1162.37933221330158467,received,0x8f51f2bdbaa3a10ae0fac783ab7ec86cfb11ae58
123,13402363,1634024386,0x875086d7b008d182a1bb8d6faf0cefe9ace1757d7dcdfe2dca7e4396820582a3,2250,0xca7fbcd500472a9d4f14bccff3d061f99332f8f69f6a49d0de4dcde9d091e95f,0x6c6bc977e13df9b0de53b251522280bb72383700,0x6b175474e89094c44da98b954eedeac495271d0f,0x8f51f2bdbaa3a10ae0fac783ab7ec86cfb11ae58,12985415504441886904240,Dai Stablecoin,DAI,18,282,197947,78322838891,142015,21428556,deprecated,2572567,12985.41550444188690424,received,0x8f51f2bdbaa3a10ae0fac783ab7ec86cfb11ae58
124,13402363,1634024386,0x875086d7b008d182a1bb8d6faf0cefe9ace1757d7dcdfe2dca7e4396820582a3,2250,0xca7fbcd500472a9d4f14bccff3d061f99332f8f69f6a49d0de4dcde9d091e95f,0x8f51f2bdbaa3a10ae0fac783ab7ec86cfb11ae58,0xa0b86991c6218b36c1d19d4a2e9eb0ce3606eb48,0x6c6bc977e13df9b0de53b251522280bb72383700,13000000000,USD Coin,USDC,6,282,197947,78322838891,142015,21428556,deprecated,2572567,1.3E-8,sent,0x8f51f2bdbaa3a10ae0fac783ab7ec86cfb11ae58
125,13402376,1634024530,0x62eedc0266280eadc7efb5ffe9181880ce2598edd83bd1b629dca33472bfd0ad,2251,0x170e7e18985f8320f56e82552b7405979f6e40641b64e954d8b977c50a3229d8,0x8f51f2bdbaa3a10ae0fac783ab7ec86cfb11ae58,0x15f0eedf9ce24fc4b6826e590a8292ce5524a1da,0x44fa3d570f1838dcf079ac7d19b8f2d23e2b889f,2745751272820982612373,Decentralized Nations,DENA,18,76,180798,68782360130,140057,6877037,deprecated,2572554,2745.751272820982612373,sent,0x8f51f2bdbaa3a10ae0fac783ab7ec86cfb11ae58
126,13402376,1634024530,0x62eedc0266280eadc7efb5ffe9181880ce2598edd83bd1b629dca33472bfd0ad,2251,0x170e7e18985f8320f56e82552b7405979f6e40641b64e954d8b977c50a3229d8,0x8f51f2bdbaa3a10ae0fac783ab7ec86cfb11ae58,0x6b175474e89094c44da98b954eedeac495271d0f,0x44fa3d570f1838dcf079ac7d19b8f2d23e2b889f,12122444317258386655430,Dai Stablecoin,DAI,18,76,180798,68782360130,140057,6877037,deprecated,2572554,12122.44431725838665543,sent,0x8f51f2bdbaa3a10ae0fac783ab7ec86cfb11ae58
127,13402376,1634024530,0x62eedc0266280eadc7efb5ffe9181880ce2598edd83bd1b629dca33472bfd0ad,2251,0x170e7e18985f8320f56e82552b7405979f6e40641b64e954d8b977c50a3229d8,0x0000000000000000000000000000000000000000,0x44fa3d570f1838dcf079ac7d19b8f2d23e2b889f,0x8f51f2bdbaa3a10ae0fac783ab7ec86cfb11ae58,5644807860324168860808,Uniswap V2,UNI-V2,18,76,180798,68782360130,140057,6877037,deprecated,2572554,5644.807860324168860808,received,0x8f51f2bdbaa3a10ae0fac783ab7ec86cfb11ae58
128,13402398,1634024775,0xd5a0c502c972acd5928d532c5fbb82bc4832b9f72f824c56db9084144efb8d46,2252,0x53859d8f11cf7a62f4b1a1c63bbe738d3413cc03fa6500c764535b27acd3cd44,0x8f51f2bdbaa3a10ae0fac783ab7ec86cfb11ae58,0x44fa3d570f1838dcf079ac7d19b8f2d23e2b889f,0xf0115bb33f45950c52ed98ccdf4087929be9706f,5644807860324168860808,Uniswap V2,UNI-V2,18,106,350000,70430966757,99494,8909823,deprecated,2572532,5644.807860324168860808,sent,0x8f51f2bdbaa3a10ae0fac783ab7ec86cfb11ae58
129,13427888,1634371947,0x51bc534c56e8e65439ef991aa4fb92fc450f575a73eecb03ca193c25960d5c13,2256,0xea8d4a17e74898dff88088e3bfe2d6965ba3e21c2a3b931127625c4b73163741,0x8f51f2bdbaa3a10ae0fac783ab7ec86cfb11ae58,0xa0b86991c6218b36c1d19d4a2e9eb0ce3606eb48,0xe2384611b82dd87c129283d78e709a806ead78a2,1000000,USD Coin,USDC,6,126,79381,76800000000,65613,11472231,deprecated,2547042,1E-12,sent,0x8f51f2bdbaa3a10ae0fac783ab7ec86cfb11ae58
130,13427904,1634372193,0xfe9e41978019f2652f6a82dbd85ffbd7131c64f3e1c654e362d1fdf6586e2dc3,2257,0xd97deb3ccc85d571f54300090adb9fb16903cdf4adf9f45e180782861f2180a0,0x8f51f2bdbaa3a10ae0fac783ab7ec86cfb11ae58,0xa0b86991c6218b36c1d19d4a2e9eb0ce3606eb48,0xe2384611b82dd87c129283d78e709a806ead78a2,99999000000,USD Coin,USDC,6,154,58565,89600000000,48537,11766070,deprecated,2547026,9.9999E-8,sent,0x8f51f2bdbaa3a10ae0fac783ab7ec86cfb11ae58
131,13460046,1634806470,0xac09e23e87b0b543d26f272be95329c716c4b10e9e7cc5ccacb5e2a72f0a1370,2260,0x54b45f5110c7439cec30354dbbf3e79a43e3ebe0bd9eab448b5d20b46dae2949,0x8f51f2bdbaa3a10ae0fac783ab7ec86cfb11ae58,0xa0b86991c6218b36c1d19d4a2e9eb0ce3606eb48,0xedeb00100f7900d185b340650e0062ce94741d61,40000000000,USD Coin,USDC,6,149,79352,54400000000,65589,11671479,deprecated,2514884,4E-8,sent,0x8f51f2bdbaa3a10ae0fac783ab7ec86cfb11ae58
132,13465632,1634881210,0xbdd856c6786ae5c8184fd1feeb5ddfacc8b10420bdb0f00375bcb5edff25ba9f,2261,0x93fee927bd8de82fe5feebc179bfe6bc24a26c0d303b07fef400c2ad7d140e1b,0x8f51f2bdbaa3a10ae0fac783ab7ec86cfb11ae58,0xbb0e17ef65f82ab018d8edd776e8dd940327b28b,0x1a2a1c938ce3ec39b6d47113c7955baa9dd454f2,19695234081067792913,Axie Infinity Shard,AXS,18,349,212410,70101537498,155541,26729115,deprecated,2509298,19.695234081067792913,sent,0x8f51f2bdbaa3a10ae0fac783ab7ec86cfb11ae58
133,13537173,1635851281,0xdb60adffd4bf860916f380219aeb22c2d0b7bd8fda237481b77d9494764a2ee9,2264,0x74e88712b3b7abb23cd440205230425ba4405243c4160d8387daaabbfa293a26,0x8f51f2bdbaa3a10ae0fac783ab7ec86cfb11ae58,0xa0b86991c6218b36c1d19d4a2e9eb0ce3606eb48,0x88e6a0c2ddd26feeb64f039a2c41296fcb3f5640,5000000000,USD Coin,USDC,6,327,282850,134478420423,220112,21857418,deprecated,2437757,5E-9,sent,0x8f51f2bdbaa3a10ae0fac783ab7ec86cfb11ae58
134,13537173,1635851281,0xdb60adffd4bf860916f380219aeb22c2d0b7bd8fda237481b77d9494764a2ee9,2264,0x74e88712b3b7abb23cd440205230425ba4405243c4160d8387daaabbfa293a26,0x610a94f64d1d149623369e5bac9576065d23893b,0x761d38e5ddf6ccf6cf7c55759d5210750b5d60f3,0x8f51f2bdbaa3a10ae0fac783ab7ec86cfb11ae58,2456814022245346002496822813,Dogelon,ELON,18,327,282850,134478420423,220112,21857418,deprecated,2437757,2456814022.245346002496822813,received,0x8f51f2bdbaa3a10ae0fac783ab7ec86cfb11ae58
135,13539318,1635880345,0x479ce23e4240bace8a73fab9ddfed6340f0e467aa5bd137feb7883588711de82,2276,0x700e1ba8de9dac453b1ef3df91cfd43427ae66f6da706b3bdc8a23c055845bf8,0x8f51f2bdbaa3a10ae0fac783ab7ec86cfb11ae58,0x761d38e5ddf6ccf6cf7c55759d5210750b5d60f3,0x610a94f64d1d149623369e5bac9576065d23893b,2456814022245346002496822813,Dogelon,ELON,18,307,259503,167846814288,188702,24387828,deprecated,2435612,2456814022.245346002496822813,sent,0x8f51f2bdbaa3a10ae0fac783ab7ec86cfb11ae58
136,13539318,1635880345,0x479ce23e4240bace8a73fab9ddfed6340f0e467aa5bd137feb7883588711de82,2276,0x700e1ba8de9dac453b1ef3df91cfd43427ae66f6da706b3bdc8a23c055845bf8,0x88e6a0c2ddd26feeb64f039a2c41296fcb3f5640,0xa0b86991c6218b36c1d19d4a2e9eb0ce3606eb48,0x8f51f2bdbaa3a10ae0fac783ab7ec86cfb11ae58,3945114307,USD Coin,USDC,6,307,259503,167846814288,188702,24387828,deprecated,2435612,3.945114307E-9,received,0x8f51f2bdbaa3a10ae0fac783ab7ec86cfb11ae58
137,13556459,1636113452,0xb4c19813301adb1c9552a8b80c0d453a53e48c187e4936c56fc28e4cd86e1df4,97,0xbe0deae7f16a13757a2ba59b428a282eab09f334fce853f8a6f2efac01fcb997,0xcbdeb4ff6cb834a83bf438d26a2fb5e6f53319b7,0xcbdeb4ff6cb834a83bf438d26a2fb5e6f53319b7,0x8f51f2bdbaa3a10ae0fac783ab7ec86cfb11ae58,1000000000,PunkETH.io,NFT,9,72,3500000,84979715996,306761,7166818,deprecated,2418471,1E-9,received,0x8f51f2bdbaa3a10ae0fac783ab7ec86cfb11ae58
138,13580774,1636441784,0x655af7591eb97db763aee5ac3e922f24a548dde41da419d3ef62b7a9e406f688,2278,0xa992979adfe15d270967fe6b47d9a7a52bfac7f6585586c0ebf395659ec59f90,0x8f51f2bdbaa3a10ae0fac783ab7ec86cfb11ae58,0xa0b86991c6218b36c1d19d4a2e9eb0ce3606eb48,0x88e6a0c2ddd26feeb64f039a2c41296fcb3f5640,10000000000,USD Coin,USDC,6,270,284695,138774209599,214206,24867560,deprecated,2394156,1E-8,sent,0x8f51f2bdbaa3a10ae0fac783ab7ec86cfb11ae58
139,13580774,1636441784,0x655af7591eb97db763aee5ac3e922f24a548dde41da419d3ef62b7a9e406f688,2278,0xa992979adfe15d270967fe6b47d9a7a52bfac7f6585586c0ebf395659ec59f90,0x92560c178ce069cc014138ed3c2f5221ba71f58a,0xc18360217d8f7ab5e7c516566761ea12ce7f9d72,0x8f51f2bdbaa3a10ae0fac783ab7ec86cfb11ae58,356342689432723842348,Ethereum Name Service,ENS,18,270,284695,138774209599,214206,24867560,deprecated,2394156,356.342689432723842348,received,0x8f51f2bdbaa3a10ae0fac783ab7ec86cfb11ae58
140,13582189,1636461495,0xb6200bbe64138fd74f395069768691840d6d1f85a9777eff2ce2ac06a709f30b,2279,0xa54780b9a40e164c1b43c213bb43e7337151e92835ed3f5a06c717d3da9be9c8,0x8f51f2bdbaa3a10ae0fac783ab7ec86cfb11ae58,0xa0b86991c6218b36c1d19d4a2e9eb0ce3606eb48,0x88e6a0c2ddd26feeb64f039a2c41296fcb3f5640,10000000000,USD Coin,USDC,6,227,272295,167070683392,198298,21355208,deprecated,2392741,1E-8,sent,0x8f51f2bdbaa3a10ae0fac783ab7ec86cfb11ae58
141,13582189,1636461495,0xb6200bbe64138fd74f395069768691840d6d1f85a9777eff2ce2ac06a709f30b,2279,0xa54780b9a40e164c1b43c213bb43e7337151e92835ed3f5a06c717d3da9be9c8,0xb9c4a5522a2f8ba9e2ff7063df8c02ed443337a3,0xc18360217d8f7ab5e7c516566761ea12ce7f9d72,0x8f51f2bdbaa3a10ae0fac783ab7ec86cfb11ae58,192631051107045083600,Ethereum Name Service,ENS,18,227,272295,167070683392,198298,21355208,deprecated,2392741,192.6310511070450836,received,0x8f51f2bdbaa3a10ae0fac783ab7ec86cfb11ae58
142,13644809,1637313588,0xb49206a3ec01c3779c186c035d38ae2eb645b9e3786e9648de42acf479f04a41,2280,0xcd8f1090ef109dd1532cdfbfcbf9aa9a5c5aaea2dcf2214c5d3626a983708ad9,0xc18360217d8f7ab5e7c516566761ea12ce7f9d72,0xc18360217d8f7ab5e7c516566761ea12ce7f9d72,0x8f51f2bdbaa3a10ae0fac783ab7ec86cfb11ae58,1143544204434688311296,Ethereum Name Service,ENS,18,242,180000,89768784340,139961,22464832,deprecated,2330121,1143.544204434688311296,received,0x8f51f2bdbaa3a10ae0fac783ab7ec86cfb11ae58
143,13651946,1637412047,0x920c2a7d5a5da5de4d3f563394651c068491169c7c5bced6dba767c7e6afb1ac,119,0x881c8575e7e856e18c59df7717751526f00bac3c615dc95a8696fd4d2e2a8553,0xb699dab9b3f981a01abc0474f085427d20d0d602,0xb699dab9b3f981a01abc0474f085427d20d0d602,0x8f51f2bdbaa3a10ae0fac783ab7ec86cfb11ae58,300000000000000000000000,YeSwap.net,YeSwap.net,18,76,3152414,102189794513,2865831,7498349,deprecated,2322984,300000,received,0x8f51f2bdbaa3a10ae0fac783ab7ec86cfb11ae58
144,13725622,1638424091,0x8889f812d85ccfa3da17002151c86e3085f0b9be18e65ef198830785e24fc7c9,60,0x33bd9c4ed2dea7350b4ef15a345d85bb91b48ddfd931614582e6384447929a56,0x1412eca9dc7daef60451e3155bb8dbf9da349933,0x1412eca9dc7daef60451e3155bb8dbf9da349933,0x8f51f2bdbaa3a10ae0fac783ab7ec86cfb11ae58,93989280000000000000000,A68.net,A68.net,18,142,1465647,76462767162,1332407,10480634,deprecated,2249308,93989.28,received,0x8f51f2bdbaa3a10ae0fac783ab7ec86cfb11ae58
145,13767412,1639002265,0xfc7e8ac1ccb89ae3ece0883d594933b72148f2b8be4447c37ee14e8a6b8604b4,230866,0xdd1f94d529055e4029c613b595c5f202b6afda0574317e139e2884c7ef84ccbc,0xb739d0895772dbb71a89a3754a160269068f0d45,0xa0b73e1ff0b80914ab6fe0444e65848c4c34450b,0x8f51f2bdbaa3a10ae0fac783ab7ec86cfb11ae58,65000000000,Cronos Coin,CRO,8,165,250000,89504103600,54537,8039826,deprecated,2207518,6.5E-8,received,0x8f51f2bdbaa3a10ae0fac783ab7ec86cfb11ae58
146,13775869,1639119171,0xf6df458ce548d2e42e87713bfef4ecab369722900a8d599cc738d74f80c5608a,4,0x1d791e018efddf0c6d0ccaf1aba0165062fc5528538f6ba60a5c78a0d5ac50b2,0x3f90cb75a92ad036821103e513b00587c422c58e,0xc18360217d8f7ab5e7c516566761ea12ce7f9d72,0x8f51f2bdbaa3a10ae0fac783ab7ec86cfb11ae58,84988512702800107520,Ethereum Name Service,ENS,18,125,60031,45920787340,35221,6653825,deprecated,2199061,84.98851270280010752,received,0x8f51f2bdbaa3a10ae0fac783ab7ec86cfb11ae58
147,13776051,1639121763,0xacc263836821d0e42b68b6d8d1e1482cd7326bbec42c66050426407cdcfc6c35,2284,0x6140d37afcdfe4c497744df885e7cd36068ebfd2263cb11e2b435b52b07471c4,0x8f51f2bdbaa3a10ae0fac783ab7ec86cfb11ae58,0xc18360217d8f7ab5e7c516566761ea12ce7f9d72,0x92560c178ce069cc014138ed3c2f5221ba71f58a,1776506457677257344764,Ethereum Name Service,ENS,18,203,349627,47360647440,297761,22270561,deprecated,2198879,1776.506457677257344764,sent,0x8f51f2bdbaa3a10ae0fac783ab7ec86cfb11ae58
148,13776051,1639121763,0xacc263836821d0e42b68b6d8d1e1482cd7326bbec42c66050426407cdcfc6c35,2284,0x6140d37afcdfe4c497744df885e7cd36068ebfd2263cb11e2b435b52b07471c4,0x88e6a0c2ddd26feeb64f039a2c41296fcb3f5640,0xa0b86991c6218b36c1d19d4a2e9eb0ce3606eb48,0x8f51f2bdbaa3a10ae0fac783ab7ec86cfb11ae58,78492374480,USD Coin,USDC,6,203,349627,47360647440,297761,22270561,deprecated,2198879,7.849237448E-8,received,0x8f51f2bdbaa3a10ae0fac783ab7ec86cfb11ae58
149,13913773,1640962658,0x1cb40aed2dc7d2eb00a998b1933acb2001a7cb8bb7a2edad9dc09156306c3c58,2285,0x15bdefbecf405a2a50c497a4ca5fb13c4ff7a928480d89a48adb0bc53a8dacf5,0xf0115bb33f45950c52ed98ccdf4087929be9706f,0x15f0eedf9ce24fc4b6826e590a8292ce5524a1da,0x8f51f2bdbaa3a10ae0fac783ab7ec86cfb11ae58,4653764269045881795713,Decentralized Nations,DENA,18,121,350000,94283745569,97565,8661939,deprecated,2061157,4653.764269045881795713,received,0x8f51f2bdbaa3a10ae0fac783ab7ec86cfb11ae58
150,13913797,1640962972,0xf35022b0036c2bfea2799c65d1be7585660957f4e83ef519206af0c5449857d2,2287,0xdfc99a80d5673e54ad9dc02508a8d6aa01ef21b19a6d2917af4c2e43d6a8afba,0x8f51f2bdbaa3a10ae0fac783ab7ec86cfb11ae58,0x15f0eedf9ce24fc4b6826e590a8292ce5524a1da,0xe4fabdb6b1658aa39146d8017c0266f8fb0f1f1e,2559535000000000000000,Decentralized Nations,DENA,18,267,600928,97650080741,464074,23034094,deprecated,2061133,2559.535,sent,0x8f51f2bdbaa3a10ae0fac783ab7ec86cfb11ae58
151,13913797,1640962972,0xf35022b0036c2bfea2799c65d1be7585660957f4e83ef519206af0c5449857d2,2287,0xdfc99a80d5673e54ad9dc02508a8d6aa01ef21b19a6d2917af4c2e43d6a8afba,0x8f51f2bdbaa3a10ae0fac783ab7ec86cfb11ae58,0x15f0eedf9ce24fc4b6826e590a8292ce5524a1da,0x44fa3d570f1838dcf079ac7d19b8f2d23e2b889f,1396110000000000000000,Decentralized Nations,DENA,18,267,600928,97650080741,464074,23034094,deprecated,2061133,1396.11,sent,0x8f51f2bdbaa3a10ae0fac783ab7ec86cfb11ae58
152,13913797,1640962972,0xf35022b0036c2bfea2799c65d1be7585660957f4e83ef519206af0c5449857d2,2287,0xdfc99a80d5673e54ad9dc02508a8d6aa01ef21b19a6d2917af4c2e43d6a8afba,0x8f51f2bdbaa3a10ae0fac783ab7ec86cfb11ae58,0x15f0eedf9ce24fc4b6826e590a8292ce5524a1da,0xb8d6d631aee8c67473ab362c6fd9dd94c95de7f0,698055000000000000000,Decentralized Nations,DENA,18,267,600928,97650080741,464074,23034094,deprecated,2061133,698.055,sent,0x8f51f2bdbaa3a10ae0fac783ab7ec86cfb11ae58
153,13913797,1640962972,0xf35022b0036c2bfea2799c65d1be7585660957f4e83ef519206af0c5449857d2,2287,0xdfc99a80d5673e54ad9dc02508a8d6aa01ef21b19a6d2917af4c2e43d6a8afba,0x68b3465833fb72a70ecdf485e0e4c7bd8665fc45,0xa0b86991c6218b36c1d19d4a2e9eb0ce3606eb48,0x8f51f2bdbaa3a10ae0fac783ab7ec86cfb11ae58,14483299995,USD Coin,USDC,6,267,600928,97650080741,464074,23034094,deprecated,2061133,1.4483299995E-8,received,0x8f51f2bdbaa3a10ae0fac783ab7ec86cfb11ae58
154,14363266,1646970410,0xd72d786c2ee1a538d95125b08c9390f368734aa158a13b79cffca00a6cf6bca1,21,0x90a597f2e838a84495a19d3e51af406942bb4e4594ca65a15b38cbc894c80a75,0xd152f549545093347a162dce210e7293f1452150,0x37fc4b48ce93469dbea9918468993c735049642a,0x8f51f2bdbaa3a10ae0fac783ab7ec86cfb11ae58,60000000000000000000,CropBytes,CBX,18,24,28965315,15812290597,28945218,29997468,deprecated,1611664,60,received,0x8f51f2bdbaa3a10ae0fac783ab7ec86cfb11ae58
155,14444675,1648066644,0x1da308b492004512d9b857bc00c7c1c7d5e68c8f64b05046708d6cd8239301d0,2293,0xe596167d7e3c3230d242446686f6c490cd660a3977624f94ee860935e0f0b5cc,0xb07fe2f407f971125d4eb1977f8acee8846c7324,0x4d224452801aced8b2f0aebe155379bb5d594381,0x8f51f2bdbaa3a10ae0fac783ab7ec86cfb11ae58,748973673709700560604,ApeCoin,APE,18,112,179241,53149837606,145812,10527303,deprecated,1530255,748.973673709700560604,received,0x8f51f2bdbaa3a10ae0fac783ab7ec86cfb11ae58
156,14444675,1648066644,0x1da308b492004512d9b857bc00c7c1c7d5e68c8f64b05046708d6cd8239301d0,2293,0xe596167d7e3c3230d242446686f6c490cd660a3977624f94ee860935e0f0b5cc,0x8f51f2bdbaa3a10ae0fac783ab7ec86cfb11ae58,0xa0b86991c6218b36c1d19d4a2e9eb0ce3606eb48,0xb07fe2f407f971125d4eb1977f8acee8846c7324,10000000000,USD Coin,USDC,6,112,179241,53149837606,145812,10527303,deprecated,1530255,1E-8,sent,0x8f51f2bdbaa3a10ae0fac783ab7ec86cfb11ae58
157,14448632,1648120568,0xfad262f08bd9516b3032544c5d5833114a4c5ab6f291e0b60d629a981dab4970,2294,0x2148ed2383ff994219fbcf5a1814c32bc6522429ba501a48870a2b9b930163d2,0x8f51f2bdbaa3a10ae0fac783ab7ec86cfb11ae58,0xa0b86991c6218b36c1d19d4a2e9eb0ce3606eb48,0x24807fe15a8cbd21565c6fa257331ed0c01311d2,20000000000,USD Coin,USDC,6,294,79396,24100000000,65625,21455270,deprecated,1526298,2E-8,sent,0x8f51f2bdbaa3a10ae0fac783ab7ec86cfb11ae58
158,14526759,1649172768,0x1d63fcc01557ed2834f66e0c6a25c9ff6bca496d100f751a7afddbd07b1a7146,2308,0x7beccaad8d3c731ec7cb1fba10e9514144e11620f9a77c12f5b54391cd25115a,0x54aa569005332e4d6f91e27c55307aaef607c0e2,0x54aa569005332e4d6f91e27c55307aaef607c0e2,0x8f51f2bdbaa3a10ae0fac783ab7ec86cfb11ae58,2228908576282811750000,LAND Token,LAND,18,1,266263,82215909952,177350,198350,deprecated,1448171,2228.90857628281175,received,0x8f51f2bdbaa3a10ae0fac783ab7ec86cfb11ae58
159,14526759,1649172768,0x1d63fcc01557ed2834f66e0c6a25c9ff6bca496d100f751a7afddbd07b1a7146,2308,0x7beccaad8d3c731ec7cb1fba10e9514144e11620f9a77c12f5b54391cd25115a,0x54aa569005332e4d6f91e27c55307aaef607c0e2,0x54aa569005332e4d6f91e27c55307aaef607c0e2,0x8f51f2bdbaa3a10ae0fac783ab7ec86cfb11ae58,27000000000000000000000,LAND Token,LAND,18,1,266263,82215909952,177350,198350,deprecated,1448171,27000,received,0x8f51f2bdbaa3a10ae0fac783ab7ec86cfb11ae58
160,14526823,1649173564,0x46bfbb0f535221f1321c951ce98c8ff6d6e91a35c18259c295d214d87a308442,2311,0xe2f60b533dbbe574e502f262ee5ddf020889ede8c7acafa51874d065694fd0db,0x8f51f2bdbaa3a10ae0fac783ab7ec86cfb11ae58,0x54aa569005332e4d6f91e27c55307aaef607c0e2,0x539360cc8a90fc28325f85806f6627896a749e47,29228908576282811750000,LAND Token,LAND,18,69,265017,57391904257,168610,6529872,deprecated,1448107,29228.90857628281175,sent,0x8f51f2bdbaa3a10ae0fac783ab7ec86cfb11ae58
161,14526823,1649173564,0x46bfbb0f535221f1321c951ce98c8ff6d6e91a35c18259c295d214d87a308442,2311,0xe2f60b533dbbe574e502f262ee5ddf020889ede8c7acafa51874d065694fd0db,0x0000000000000000000000000000000000000000,0x52666adcfbfbd8e1bd469c13de6abcc4cce27069,0x8f51f2bdbaa3a10ae0fac783ab7ec86cfb11ae58,29228908576282811750000,vLAND Token,vLAND,18,69,265017,57391904257,168610,6529872,deprecated,1448107,29228.90857628281175,received,0x8f51f2bdbaa3a10ae0fac783ab7ec86cfb11ae58
162,14591787,1650050075,0xf70a0e9978c6ca613914c8bd278f497deaf895d1c9efdb03ddfb73059d4c5820,9,0xde239d9c7655f3499e4239962bc1168935245578d521188e215a8a1813cd9dd6,0x9da458800bb0fea8e0734ecf4ba9d0e13dde7118,0x9da458800bb0fea8e0734ecf4ba9d0e13dde7118,0x8f51f2bdbaa3a10ae0fac783ab7ec86cfb11ae58,10000000000000000000000,APE.claims,Wrapped ApeCoin (ape.claims),18,99,11355566,70241806316,11355566,18725341,deprecated,1383143,10000,received,0x8f51f2bdbaa3a10ae0fac783ab7ec86cfb11ae58
163,14693628,1651430831,0xb498a226434b696ac4a8ef49b90a8a4d1be365a5e97c6baa7ba29e722f9df3ac,2317,0x6891ff77a9794e855f2f6b38369c0b1e80310e076dafa9f343e5e8dc8b8524bc,0xb07fe2f407f971125d4eb1977f8acee8846c7324,0xa0b86991c6218b36c1d19d4a2e9eb0ce3606eb48,0x8f51f2bdbaa3a10ae0fac783ab7ec86cfb11ae58,12655508047,USD Coin,USDC,6,352,163094,50877396905,126953,21727621,deprecated,1281302,1.2655508047E-8,received,0x8f51f2bdbaa3a10ae0fac783ab7ec86cfb11ae58
164,14693628,1651430831,0xb498a226434b696ac4a8ef49b90a8a4d1be365a5e97c6baa7ba29e722f9df3ac,2317,0x6891ff77a9794e855f2f6b38369c0b1e80310e076dafa9f343e5e8dc8b8524bc,0x8f51f2bdbaa3a10ae0fac783ab7ec86cfb11ae58,0x4d224452801aced8b2f0aebe155379bb5d594381,0xb07fe2f407f971125d4eb1977f8acee8846c7324,748973673709700560604,ApeCoin,APE,18,352,163094,50877396905,126953,21727621,deprecated,1281302,748.973673709700560604,sent,0x8f51f2bdbaa3a10ae0fac783ab7ec86cfb11ae58
165,14878132,1653991974,0x1864e5032d698cdca7b92ab01807532160dc7ab88214ae0249f3b378e52e1589,2319,0x378a00979f58f594e7173279b1a70f912231bdb5fc6381b030219264fb653c2e,0x54aa569005332e4d6f91e27c55307aaef607c0e2,0x54aa569005332e4d6f91e27c55307aaef607c0e2,0x8f51f2bdbaa3a10ae0fac783ab7ec86cfb11ae58,2228908576282811750000,LAND Token,LAND,18,117,111843,21114553714,74562,9852539,deprecated,1096798,2228.90857628281175,received,0x8f51f2bdbaa3a10ae0fac783ab7ec86cfb11ae58
166,14878218,1653993238,0x4b2bf9b51d011c93e79456399e442337b5e45598e15392c9912274bbe0b965d3,2321,0xdfa40f8737eb4381e2ed4e5103466c661a9cd3c797227e19ebc5de095c29a82b,0x8f51f2bdbaa3a10ae0fac783ab7ec86cfb11ae58,0x54aa569005332e4d6f91e27c55307aaef607c0e2,0x539360cc8a90fc28325f85806f6627896a749e47,2228908576282811750000,LAND Token,LAND,18,15,379102,31837944882,243522,1241656,deprecated,1096712,2228.90857628281175,sent,0x8f51f2bdbaa3a10ae0fac783ab7ec86cfb11ae58
167,14878218,1653993238,0x4b2bf9b51d011c93e79456399e442337b5e45598e15392c9912274bbe0b965d3,2321,0xdfa40f8737eb4381e2ed4e5103466c661a9cd3c797227e19ebc5de095c29a82b,0x0000000000000000000000000000000000000000,0x52666adcfbfbd8e1bd469c13de6abcc4cce27069,0x8f51f2bdbaa3a10ae0fac783ab7ec86cfb11ae58,2228908576282811750000,vLAND Token,vLAND,18,15,379102,31837944882,243522,1241656,deprecated,1096712,2228.90857628281175,received,0x8f51f2bdbaa3a10ae0fac783ab7ec86cfb11ae58
168,15025493,1656189963,0x64028896d255433f866c3c8b3330dc47531b219a40a1e8c8c2a33c82ecfa9b69,2325,0x749a5c1b199a9c75a268bfed59e6f14e3bfdebad568091bb7528f208793406cb,0x539360cc8a90fc28325f85806f6627896a749e47,0x54aa569005332e4d6f91e27c55307aaef607c0e2,0x8f51f2bdbaa3a10ae0fac783ab7ec86cfb11ae58,29106858099361340119949,LAND Token,LAND,18,177,142407,39957021608,89995,15865676,deprecated,949437,29106.858099361340119949,received,0x8f51f2bdbaa3a10ae0fac783ab7ec86cfb11ae58
169,15025495,1656190031,0x59c5a4aa495d4404dd4b79c13fd1ff8bcd8290d5faa55d77e66bbe80d9100b57,2326,0xcde00a8d6e673c5f51a4a7268f570bbc3aca83f7f09b481dce0d0dcd505555f5,0x8f51f2bdbaa3a10ae0fac783ab7ec86cfb11ae58,0x54aa569005332e4d6f91e27c55307aaef607c0e2,0x539360cc8a90fc28325f85806f6627896a749e47,29106858099361340119949,LAND Token,LAND,18,36,208530,49901416905,159442,2910243,deprecated,949435,29106.858099361340119949,sent,0x8f51f2bdbaa3a10ae0fac783ab7ec86cfb11ae58
170,15025495,1656190031,0x59c5a4aa495d4404dd4b79c13fd1ff8bcd8290d5faa55d77e66bbe80d9100b57,2326,0xcde00a8d6e673c5f51a4a7268f570bbc3aca83f7f09b481dce0d0dcd505555f5,0x0000000000000000000000000000000000000000,0x52666adcfbfbd8e1bd469c13de6abcc4cce27069,0x8f51f2bdbaa3a10ae0fac783ab7ec86cfb11ae58,29106858099361340119949,vLAND Token,vLAND,18,36,208530,49901416905,159442,2910243,deprecated,949435,29106.858099361340119949,received,0x8f51f2bdbaa3a10ae0fac783ab7ec86cfb11ae58
171,15216772,1658820429,0x9be05f11e817945155a3c88374d809a94a9c48f59b5a32edfebce443e93c1972,2330,0xfbc2112a9a913f02acb9393421d515989683da7dac2e8e981b3c41804d9cc4eb,0x539360cc8a90fc28325f85806f6627896a749e47,0x54aa569005332e4d6f91e27c55307aaef607c0e2,0x8f51f2bdbaa3a10ae0fac783ab7ec86cfb11ae58,10241421432322785283156,LAND Token,LAND,18,42,142407,27245006066,89995,2045227,deprecated,758158,10241.421432322785283156,received,0x8f51f2bdbaa3a10ae0fac783ab7ec86cfb11ae58
172,15216775,1658820460,0x3ae89a86acceb49e2fe4ddbb67e9f0cc9f73ec262a2f6bbfd97098ef83d21378,2331,0x6436d19c746e77198ddc1389f6f237cba0a245e16582f49011b0b6fc71e75525,0x8f51f2bdbaa3a10ae0fac783ab7ec86cfb11ae58,0x54aa569005332e4d6f91e27c55307aaef607c0e2,0x539360cc8a90fc28325f85806f6627896a749e47,10241421432322785283156,LAND Token,LAND,18,101,330916,23051350452,211900,8033118,deprecated,758155,10241.421432322785283156,sent,0x8f51f2bdbaa3a10ae0fac783ab7ec86cfb11ae58
173,15216775,1658820460,0x3ae89a86acceb49e2fe4ddbb67e9f0cc9f73ec262a2f6bbfd97098ef83d21378,2331,0x6436d19c746e77198ddc1389f6f237cba0a245e16582f49011b0b6fc71e75525,0x0000000000000000000000000000000000000000,0x52666adcfbfbd8e1bd469c13de6abcc4cce27069,0x8f51f2bdbaa3a10ae0fac783ab7ec86cfb11ae58,10241421432322785283156,vLAND Token,vLAND,18,101,330916,23051350452,211900,8033118,deprecated,758155,10241.421432322785283156,received,0x8f51f2bdbaa3a10ae0fac783ab7ec86cfb11ae58
174,15224438,1658923492,0x94859fe4ee41180068fd091fbd431ca801f23409f269908898f0ab8584e098c2,29,0x34427f2d5543a20cb3335401ac90b14ee8fcfce3772fee4f10c46bbbded9d435,0xa0b86991c6218b36c1d19d4a2e9eb0ce3606eb48,0x17a10104cbc1ed155d083ead9fcf5c3440bb50e8,0x8f51f2bdbaa3a10ae0fac783ab7ec86cfb11ae58,4214,$ USDCNotice.com,$ USDCNotice.com &lt;- Visit to secure your wallet,0,241,8000888,10784859416,2724952,22385405,deprecated,750492,4.214E-15,received,0x8f51f2bdbaa3a10ae0fac783ab7ec86cfb11ae58
175,15226227,1658948014,0xb9d84018d02b91cf8513d3447f939cb9e7c88218bfc01ac80c80351c0ba776bc,2332,0xcafc43c53dd25c2f68e343912d57d23287c30a75d267574d4ea96562c1be1519,0x8f51f2bdbaa3a10ae0fac783ab7ec86cfb11ae58,0xa0b86991c6218b36c1d19d4a2e9eb0ce3606eb48,0x1fe1edec5f15b5e44cefe93613741fa9df708ad2,1000000,USD Coin,USDC,6,179,79381,59000000000,65613,14701199,deprecated,748703,1E-12,sent,0x8f51f2bdbaa3a10ae0fac783ab7ec86cfb11ae58
176,15226236,1658948145,0x8eeb452076cbd03f222522acfcb69249071c4370733951db0f9119b42801ed4a,2333,0x677b307ae18fb4d203c5da56a137a5e6a2399ee468dda0e4d8c17fe04594c32f,0x8f51f2bdbaa3a10ae0fac783ab7ec86cfb11ae58,0xa0b86991c6218b36c1d19d4a2e9eb0ce3606eb48,0x1fe1edec5f15b5e44cefe93613741fa9df708ad2,81575590456,USD Coin,USDC,6,62,58565,57500000000,43737,4523397,deprecated,748694,8.1575590456E-8,sent,0x8f51f2bdbaa3a10ae0fac783ab7ec86cfb11ae58
177,15226252,1658948371,0xdc8aa0f4a56e0012568dc56ef123fd19c67cb14479fbda2ba64d51f6145e08be,2334,0x9451003ab45dca95c4273f4f7aa37890b980a1ecb433dfb583e652c3ceaeaf66,0x39aa39c021dfbae8fac545936693ac917d5e7563,0xa0b86991c6218b36c1d19d4a2e9eb0ce3606eb48,0x8f51f2bdbaa3a10ae0fac783ab7ec86cfb11ae58,50973006146,USD Coin,USDC,6,22,222020,46876298290,177490,1535460,deprecated,748678,5.0973006146E-8,received,0x8f51f2bdbaa3a10ae0fac783ab7ec86cfb11ae58
178,15226252,1658948371,0xdc8aa0f4a56e0012568dc56ef123fd19c67cb14479fbda2ba64d51f6145e08be,2334,0x9451003ab45dca95c4273f4f7aa37890b980a1ecb433dfb583e652c3ceaeaf66,0x8f51f2bdbaa3a10ae0fac783ab7ec86cfb11ae58,0x39aa39c021dfbae8fac545936693ac917d5e7563,0x39aa39c021dfbae8fac545936693ac917d5e7563,225284472524297,Compound USD Coin,cUSDC,8,22,222020,46876298290,177490,1535460,deprecated,748678,0.000225284472524297,sent,0x8f51f2bdbaa3a10ae0fac783ab7ec86cfb11ae58
179,15226260,1658948452,0x678f223d9f5edf1f6b433a1ad4465b125496c694e8060374e204cbc5535d7f3d,2335,0x0d4495e5f9399bdefd5594408852eac10d3dba037e1d57fe991b92c7f7b6cdeb,0x8f51f2bdbaa3a10ae0fac783ab7ec86cfb11ae58,0xa0b86991c6218b36c1d19d4a2e9eb0ce3606eb48,0x1fe1edec5f15b5e44cefe93613741fa9df708ad2,50973006146,USD Coin,USDC,6,40,58565,61000000000,43737,4005227,deprecated,748670,5.0973006146E-8,sent,0x8f51f2bdbaa3a10ae0fac783ab7ec86cfb11ae58
180,15281483,1659691636,0x25cd1f45368a4c604bc16826d7ee3b54185ac5ae0c7f195e8362bce2706c62d9,30,0x3e622db1d72d4670509727bba56131a1d3731c6daa40d37aa0f7402f9a1043a7,0x3fda67f7583380e67ef93072294a7fac882fd7e7,0x0432ca79d0bf2546bc9a29685636e413b137692d,0x8f51f2bdbaa3a10ae0fac783ab7ec86cfb11ae58,400,Compound-Claim.com,Compound-Claim.com,0,379,15238522,8129786067,15238522,26358296,deprecated,693447,4E-16,received,0x8f51f2bdbaa3a10ae0fac783ab7ec86cfb11ae58
181,15458934,1662118639,0x687fecac16e474e56f7812f15cf3ef3984dfdddede21b8b5bff33f469aac7074,2341,0x0840a8be5dcaee22c9b01557d3cee3ec466e09271a34b50bf578978649811e1b,0xf0115bb33f45950c52ed98ccdf4087929be9706f,0x44fa3d570f1838dcf079ac7d19b8f2d23e2b889f,0x8f51f2bdbaa3a10ae0fac783ab7ec86cfb11ae58,20064542331219641941773,Uniswap V2,UNI-V2,18,56,300000,9637666213,126707,3641818,deprecated,515996,20064.542331219641941773,received,0x8f51f2bdbaa3a10ae0fac783ab7ec86cfb11ae58
182,15458934,1662118639,0x687fecac16e474e56f7812f15cf3ef3984dfdddede21b8b5bff33f469aac7074,2341,0x0840a8be5dcaee22c9b01557d3cee3ec466e09271a34b50bf578978649811e1b,0xf0115bb33f45950c52ed98ccdf4087929be9706f,0x15f0eedf9ce24fc4b6826e590a8292ce5524a1da,0x8f51f2bdbaa3a10ae0fac783ab7ec86cfb11ae58,15161275107461510859089,Decentralized Nations,DENA,18,56,300000,9637666213,126707,3641818,deprecated,515996,15161.275107461510859089,received,0x8f51f2bdbaa3a10ae0fac783ab7ec86cfb11ae58
183,15459186,1662122138,0x8e4dfad28e3b490e09164bbc8967f8a467c79c0ca9c084a84ea7c55757eccdd9,2342,0x998bdcff3d8ea8e367bec3eed6401f9dca9b82af7082b80c4f24093b320e87ea,0x8f51f2bdbaa3a10ae0fac783ab7ec86cfb11ae58,0x44fa3d570f1838dcf079ac7d19b8f2d23e2b889f,0x44fa3d570f1838dcf079ac7d19b8f2d23e2b889f,20064542331219641941773,Uniswap V2,UNI-V2,18,362,228500,13509443868,149904,27706276,deprecated,515744,20064.542331219641941773,sent,0x8f51f2bdbaa3a10ae0fac783ab7ec86cfb11ae58
184,15459186,1662122138,0x8e4dfad28e3b490e09164bbc8967f8a467c79c0ca9c084a84ea7c55757eccdd9,2342,0x998bdcff3d8ea8e367bec3eed6401f9dca9b82af7082b80c4f24093b320e87ea,0x44fa3d570f1838dcf079ac7d19b8f2d23e2b889f,0x15f0eedf9ce24fc4b6826e590a8292ce5524a1da,0x8f51f2bdbaa3a10ae0fac783ab7ec86cfb11ae58,24311563086175745836236,Decentralized Nations,DENA,18,362,228500,13509443868,149904,27706276,deprecated,515744,24311.563086175745836236,received,0x8f51f2bdbaa3a10ae0fac783ab7ec86cfb11ae58
185,15459186,1662122138,0x8e4dfad28e3b490e09164bbc8967f8a467c79c0ca9c084a84ea7c55757eccdd9,2342,0x998bdcff3d8ea8e367bec3eed6401f9dca9b82af7082b80c4f24093b320e87ea,0x44fa3d570f1838dcf079ac7d19b8f2d23e2b889f,0x6b175474e89094c44da98b954eedeac495271d0f,0x8f51f2bdbaa3a10ae0fac783ab7ec86cfb11ae58,17590155491081639558344,Dai Stablecoin,DAI,18,362,228500,13509443868,149904,27706276,deprecated,515744,17590.155491081639558344,received,0x8f51f2bdbaa3a10ae0fac783ab7ec86cfb11ae58
186,15459223,1662122587,0x482a3c8f9b42e510d04d91e450b187bee773332f1bf75fc8a2b168dc922c07aa,2343,0x4ca5134816855cc79ac3beac776460b24a8eeb9e352aab3b38c9f23930a04726,0x8f51f2bdbaa3a10ae0fac783ab7ec86cfb11ae58,0x6b175474e89094c44da98b954eedeac495271d0f,0xd7371998b81993f2733a5ca48f158c5a7eead4ad,1000000000000000000,Dai Stablecoin,DAI,18,38,62167,20700000000,51806,5976194,deprecated,515707,1,sent,0x8f51f2bdbaa3a10ae0fac783ab7ec86cfb11ae58
187,15475963,1662355250,0xf5e357c82c669728eb8fbdacf3fa1ca548593adb7f4b0a44fe7f1082f8b5cf49,42,0x59aa35d5fa21d6b453a7de1e83aefe90567c3753d8206cda9561cf1ab3d4f9da,0xb74c24738a261f37286fc6bf47f6901e51cf7f2f,0x4e0b2a80e158f8d28a2007866ab80b7f63be6076,0x8f51f2bdbaa3a10ae0fac783ab7ec86cfb11ae58,2500000000000000000000,Owlswap.org,OWLT,18,67,908384,5337056974,896462,6685727,deprecated,498967,2500,received,0x8f51f2bdbaa3a10ae0fac783ab7ec86cfb11ae58
188,15480467,1662417721,0xc3b0a6b936f218fe05045a5ff41d5998e5c6d52bed4b24813f0dd472f576b001,21,0xd52e973dd231e1199adaf388371b45004b11137f94244a3fe0910a0a21206a88,0x6b175474e89094c44da98b954eedeac495271d0f,0x106eebf11f34ecccad59c1ca9398d828765f64f8,0x8f51f2bdbaa3a10ae0fac783ab7ec86cfb11ae58,799000000000000000000,! StableDAI,StableDAI.com,18,26,25286167,15245287511,25286167,26813748,deprecated,494463,799,received,0x8f51f2bdbaa3a10ae0fac783ab7ec86cfb11ae58
189,15516521,1662923840,0x89f7c4f67e603896a32b8babf0504d047214a994336bd8ccb2607c77a04f77c5,2344,0x87cb69f93d7e1d3c6fedf5580700a835c15f01bce9545423a4fa5b5101b7681d,0x539360cc8a90fc28325f85806f6627896a749e47,0x54aa569005332e4d6f91e27c55307aaef607c0e2,0x8f51f2bdbaa3a10ae0fac783ab7ec86cfb11ae58,12938549066223946693108,LAND Token,LAND,18,90,134056,15965417496,84428,7233952,deprecated,458409,12938.549066223946693108,received,0x8f51f2bdbaa3a10ae0fac783ab7ec86cfb11ae58
190,15516528,1662923901,0x01ba91619d850af18104b3cb59fa13166473602a63f06b9a63ef5ec4ff639478,2345,0x5c1a955452b85e08f272fe912d03c193b31775a2e5ac2894e5b6b9e7d28b3ed1,0x8f51f2bdbaa3a10ae0fac783ab7ec86cfb11ae58,0x54aa569005332e4d6f91e27c55307aaef607c0e2,0x539360cc8a90fc28325f85806f6627896a749e47,12938549066223946693108,LAND Token,LAND,18,41,288516,11868399921,183633,2939953,deprecated,458402,12938.549066223946693108,sent,0x8f51f2bdbaa3a10ae0fac783ab7ec86cfb11ae58
191,15516528,1662923901,0x01ba91619d850af18104b3cb59fa13166473602a63f06b9a63ef5ec4ff639478,2345,0x5c1a955452b85e08f272fe912d03c193b31775a2e5ac2894e5b6b9e7d28b3ed1,0x0000000000000000000000000000000000000000,0x52666adcfbfbd8e1bd469c13de6abcc4cce27069,0x8f51f2bdbaa3a10ae0fac783ab7ec86cfb11ae58,12938549066223946693108,vLAND Token,vLAND,18,41,288516,11868399921,183633,2939953,deprecated,458402,12938.549066223946693108,received,0x8f51f2bdbaa3a10ae0fac783ab7ec86cfb11ae58
192,15549152,1663367411,0x8816cd60a3afcc4f46f0a8217fa379104f60cbb0f7c84cd59c0d811fd47991a9,52,0x76faf33e5443cd21963a82ab63d241877da13e215cd994cd52b2a5a5adb557b9,0xa27f25d6a8f876c8cdd506f6cc59f3166f2a494f,0xf5b2c59f6db42ffcdfc1625999c81fdf17953384,0x8f51f2bdbaa3a10ae0fac783ab7ec86cfb11ae58,221659000000000000000000,mdai.io,mdai.io,18,143,3131712,5000000000,3092700,27243998,deprecated,425778,221659,received,0x8f51f2bdbaa3a10ae0fac783ab7ec86cfb11ae58
193,15591893,1663886015,0xb99038f6b309958c88b1a03ffe0e7ac0f1fcdff0529df086e4172b5e85ef5d12,2,0x76288770edda711a3ef3b4c119364e165144ae364dae859837142bfa401c1133,0xb85a676965436e65f9b878c94cc4f5b53b96586e,0x070c0147884d7cf984afbc2eb6f3428a39b5e229,0x8f51f2bdbaa3a10ae0fac783ab7ec86cfb11ae58,129301000000000000000000,asdai.xyz,https://asdai.xyz,18,66,3071565,5000000000,3071565,8521872,deprecated,383037,129301,received,0x8f51f2bdbaa3a10ae0fac783ab7ec86cfb11ae58
194,15592293,1663890827,0x4eed2df08798088f793c91d9a66c328b081dbed82d1c4db1979fb5ce82779178,40,0xf1f9c9c9cefdc97bb9f5466f121c7a04c3ccb79e8b2b7a5839f0cc32c38d4a4d,0xb85a676965436e65f9b878c94cc4f5b53b96586e,0x2f848b4a2b5dfc3b9e4eb229551c0887e6348653,0x8f51f2bdbaa3a10ae0fac783ab7ec86cfb11ae58,129301000000000000000000,ardai.xyz,https://ardai.xyz,18,145,3072657,4000000000,3072657,21355773,deprecated,382637,129301,received,0x8f51f2bdbaa3a10ae0fac783ab7ec86cfb11ae58
195,15660757,1664717267,0xefe337477fd22fb1075b39434a9f6c3ab13b7c4609e867a1e20686ac0557a39a,2346,0xdb6864382e45b819d579289e7b9f3116592980799af4eebae8b28c196772a592,0x8f51f2bdbaa3a10ae0fac783ab7ec86cfb11ae58,0x15f0eedf9ce24fc4b6826e590a8292ce5524a1da,0x94d0e717d8fdcec5c5021af4c5959968c532763c,1000000000000000000,Decentralized Nations,DENA,18,68,86416,5697862936,57611,6467147,deprecated,314173,1,sent,0x8f51f2bdbaa3a10ae0fac783ab7ec86cfb11ae58
196,15660766,1664717375,0x861c73d1ee429f6c5f739b608e7e503db08b2a927d159c340cbc92be0e54aa00,2347,0x8ae50ff3f660833dc0663dfaf8438ab500b26c672888b254a5869ebc9973438a,0x8f51f2bdbaa3a10ae0fac783ab7ec86cfb11ae58,0x15f0eedf9ce24fc4b6826e590a8292ce5524a1da,0x94d0e717d8fdcec5c5021af4c5959968c532763c,39471902462683138491038,Decentralized Nations,DENA,18,91,60838,5188959714,35759,7071344,deprecated,314164,39471.902462683138491038,sent,0x8f51f2bdbaa3a10ae0fac783ab7ec86cfb11ae58
197,15679951,1664949323,0x73a47d9f6254fb5738079e6dbe62dfa04a0f35b547a83e077a454c774693dce2,1,0x72e5cc1a03c99a5ab52b555ef18d416026bd00d46a42c5577170e5589d95f418,0x552cfe6b693997861bc3bf2b479ecaae4ff9d004,0xcdbd4089c2f98da715e52127680f87afdb183a2e,0x8f51f2bdbaa3a10ae0fac783ab7ec86cfb11ae58,129301000000000000000000,(aatu.site),This token holders can claim reward token. Please,18,200,3072859,4000000000,3072859,27789693,deprecated,294979,129301,received,0x8f51f2bdbaa3a10ae0fac783ab7ec86cfb11ae58
198,15680277,1664953259,0x77945ca2d2fd7016f0222a7470c160cc0197011298fd619bc7ca2a71ced9abb6,23,0x1431063189c705ba9852894ee5b379785c1210c766b50bae59a1c894657e3187,0x552cfe6b693997861bc3bf2b479ecaae4ff9d004,0xcdbd4089c2f98da715e52127680f87afdb183a2e,0x8f51f2bdbaa3a10ae0fac783ab7ec86cfb11ae58,129301000000000000000000,(aatu.site),This token holders can claim reward token. Please,18,110,3074083,4000000000,3074083,25612430,deprecated,294653,129301,received,0x8f51f2bdbaa3a10ae0fac783ab7ec86cfb11ae58
199,15702213,1665218147,0x5a42e50f04745843e620faff9655714bcaaa8275907d812ee3c38945d651c105,28,0x2b775a7fef2253e37a25bc13392883effbe3156a3cdcc8b41ed1adbc810d1a8b,0xf8fa91637ca8f6b5d46c26d6596ccbd9e335536d,0xac4607a2d8a2bfa721955a23d3f290b0e176612e,0x8f51f2bdbaa3a10ae0fac783ab7ec86cfb11ae58,129290000000000000000000,(abronz.com),Please Visit https://abronz.com and claim rewards.,18,132,3072739,4000000000,3072739,29053878,deprecated,272717,129290,received,0x8f51f2bdbaa3a10ae0fac783ab7ec86cfb11ae58
200,15853155,1667039735,0x9c911b29376a2f44777609d95678af6a00269af8179bbcdd9dea8da74bc4347b,2,0xce30d94ad6dc69a18d4fd435e6c39a4a54cfea6a94e22da385e36919bb6db4ed,0x49f5d5a22b804d1de15328330a5794bf63613b6b,0x7d1a6a4f806a4a64ad32e7f2350e176ea6b9a1f6,0x8f51f2bdbaa3a10ae0fac783ab7ec86cfb11ae58,147773000000000000000000,(atuns.org),Invitation token. Please Visit https://atuns.org a,18,193,3072585,9000000000,3072585,13493954,deprecated,121775,147773,received,0x8f51f2bdbaa3a10ae0fac783ab7ec86cfb11ae58
201,15906560,1667684459,0xc32f8d3055b70fcb1fa2a2ce366c9f1754fd643f668155661d101eaefec440df,2350,0x4c594fb4cb93c70684b424c037ae56c6636c67c28092e5de50a9f96b3eaa3c6b,0x8f51f2bdbaa3a10ae0fac783ab7ec86cfb11ae58,0x6b175474e89094c44da98b954eedeac495271d0f,0x1d2f5669c06e82767c1b4e7ad9717f1d21afbad6,1000000000000000000,Dai Stablecoin,DAI,18,33,62167,12700000000,51806,2238438,deprecated,68370,1,sent,0x8f51f2bdbaa3a10ae0fac783ab7ec86cfb11ae58
202,15906591,1667684831,0x3ad112be2e9feb28ff6fcae89d69deecc9d580f3ccde42e7d6add73eda03c874,2352,0xfe2611a174fe11a398a202fa07870cb11d0c35164488793c50c07d56f2838d0d,0x8f51f2bdbaa3a10ae0fac783ab7ec86cfb11ae58,0x6b175474e89094c44da98b954eedeac495271d0f,0x1d2f5669c06e82767c1b4e7ad9717f1d21afbad6,18470631425329139249375,Dai Stablecoin,DAI,18,26,41705,12800000000,29954,4440347,deprecated,68339,18470.631425329139249375,sent,0x8f51f2bdbaa3a10ae0fac783ab7ec86cfb11ae58
