,blockNumber,timeStamp,hash,nonce,blockHash,transactionIndex,from,to,value,gas,gasPrice,isError,txreceipt_status,input,contractAddress,cumulativeGasUsed,gasUsed,confirmations,methodId,functionName,eth value,txn type,AccountId
0,3799934,1496261550,0xc8fce5eb2d754e5b52d7424bd0d2913d9cd5edc4eeedacaf5d22c75e613ed5b8,16072,0x205e63acf5eae21ed9d85486dc1957ba209645f9b9291e885316a59b0193312d,14,0x7b9bc474667db2ffe5b08d000f1acc285b2ae47d,0x4ff83262dabf0484517e75631f4a7591efe7cf44,2465120000000000,31000,20000000000,0,,0x,,319201,21000,12174506,0x,,0.00246512,received,0x4ff83262dabf0484517e75631f4a7591efe7cf44
1,3800098,1496264196,0x36d92614f5949b71b684e22c28a459b73feb20fcda5926dd631cd6e348e9c3b5,0,0x88d1584d65f311e3b33a06f621ae5dcaaf0db3bc8c386206efccc3886a8b636c,21,0x4ff83262dabf0484517e75631f4a7591efe7cf44,0xa74476443119a942de498590fe1f2454d7d4ac0d,0,123256,20000000000,0,,0xa9059cbb0000000000000000000000007fe2b88f2e4858de375832fbf54ac7cf1a78ca510000000000000000000000000000000000000000000000068155a43676e00000,,3885280,21784,12174342,0xa9059cbb,"transfer(address _to, uint256 _value)",0,sent,0x4ff83262dabf0484517e75631f4a7591efe7cf44
2,4905737,1515913441,0x78c84870508f8b91c3d1a2f1addc9cdb946079b7e4131140f7855c4b7efe278c,1,0x818c153ef213e12e389b1bd0576e86172492d7a582e347ae32ec4d2846c79062,325,0x4ff83262dabf0484517e75631f4a7591efe7cf44,0xa620958b0f7d59ed764e77423960a3cb9321680b,475440000000000,21000,74000000000,0,1,0x,,7625954,21000,11068703,0x,,0.00047544,sent,0x4ff83262dabf0484517e75631f4a7591efe7cf44
